0.000000 0.0000000 0.0000000 0.0000000 -0.0000000 -0.0000000 -0.0000000 1.0000000
0.000000 0.0011109 0.0025067 0.0026645 -0.0121847 0.0018757 0.0010053 0.9999235
0.000000 0.0155487 0.0102826 0.0112674 -0.0467134 0.0049122 -0.0112824 0.9988325
0.000000 0.0191657 0.0121729 0.0149428 -0.0435625 0.0190993 -0.0235973 0.9985894
0.000000 0.0182189 0.0117716 0.0154651 -0.0277359 0.0300677 0.0021311 0.9991607
0.000000 0.0206454 0.0081488 0.0152974 -0.0171892 0.0382581 0.0208197 0.9989031
0.000000 0.0237759 0.0076876 0.0170292 -0.0048357 0.0563798 -0.0043873 0.9983881
0.000000 0.0294271 0.0097696 0.0218698 0.0040460 0.0771581 -0.0318748 0.9965010
0.000000 0.0345592 0.0104809 0.0245659 0.0074068 0.0935813 -0.0548610 0.9940714
0.000000 0.0414840 0.0109719 0.0257924 0.0106221 0.1106749 -0.0655344 0.9916368
0.000000 0.0457284 0.0119181 0.0276804 0.0127985 0.1232871 -0.0723223 0.9896494
0.000000 0.0495587 0.0128134 0.0290947 0.0154826 0.1370309 -0.0796792 0.9872355
0.000000 0.0383057 0.0164427 0.0311842 -0.0131338 0.1058585 -0.0414873 0.9934285
0.000000 0.0364279 0.0152574 0.0291809 -0.0114839 0.0975395 -0.0383978 0.9944243
0.000000 0.0279052 0.0124070 0.0236541 -0.0087343 0.0665759 -0.0086106 0.9977060
0.000000 0.0201188 0.0085421 0.0163040 0.0010008 0.0439517 0.0088124 0.9989943
0.000000 0.0144574 0.0069237 0.0122031 0.0019217 0.0282190 0.0225279 0.9993460
0.000000 0.0100427 0.0056832 0.0079893 -0.0015700 0.0111578 0.0355567 0.9993042
0.000000 0.0047028 0.0030978 0.0016171 -0.0001653 -0.0087965 0.0459316 0.9989058
0.000000 -0.0003949 0.0009904 -0.0046449 0.0011277 -0.0299694 0.0604899 0.9977182
0.000000 -0.0053160 -0.0005819 -0.0118752 0.0056002 -0.0541174 0.0733496 0.9958212
0.000000 -0.0105446 -0.0032112 -0.0183056 0.0069548 -0.0795553 0.0907844 0.9926635
0.000000 -0.0154480 -0.0065868 -0.0276326 0.0105275 -0.1098723 0.1092059 0.9878721
0.000000 -0.0193030 -0.0127153 -0.0356113 0.0126218 -0.1376401 0.1310326 0.9816957
0.000000 -0.0217070 -0.0146073 -0.0423259 0.0179268 -0.1603471 0.1419592 0.9766346
0.000000 -0.0232967 -0.0183124 -0.0494604 0.0184607 -0.1816802 0.1566782 0.9706202
0.000000 -0.0296005 -0.0264312 -0.0645885 0.0324102 -0.1988618 0.1784557 0.9630977
0.000000 -0.0326657 -0.0293442 -0.0703071 0.0359938 -0.2053588 0.1836808 0.9606215
0.000000 -0.0382329 -0.0341070 -0.0804086 0.0381863 -0.2231821 0.1952592 0.9542565
0.000000 -0.0438466 -0.0408329 -0.0987287 0.0407125 -0.2564218 0.2152932 0.9414028
0.000000 -0.0467243 -0.0437626 -0.1058446 0.0425460 -0.2641876 0.2219628 0.9376179
0.000000 -0.0482701 -0.0466403 -0.1124780 0.0445536 -0.2738363 0.2294259 0.9329482
0.000000 -0.0498282 -0.0530654 -0.1246085 0.0479401 -0.2924112 0.2440574 0.9233815
0.000000 -0.0532540 -0.0594784 -0.1405714 0.0546697 -0.3096572 0.2589714 0.9132675
0.000000 -0.0536763 -0.0623678 -0.1486050 0.0582384 -0.3223011 0.2664599 0.9064929
0.000000 -0.0533348 -0.0647118 -0.1554458 0.0609526 -0.3358540 0.2744625 0.8989757
0.000000 -0.0542614 -0.0702830 -0.1721655 0.0662934 -0.3568498 0.2911720 0.8851453
0.000000 -0.0527071 -0.0749843 -0.1847221 0.0688846 -0.3799758 0.3062524 0.8701050
0.000000 -0.0499319 -0.0774754 -0.1914868 0.0713233 -0.3934506 0.3123963 0.8616950
0.000000 -0.0483803 -0.0799476 -0.1963697 0.0732228 -0.4043790 0.3193962 0.8538747
0.000000 -0.0449654 -0.0835211 -0.2054154 0.0766901 -0.4287554 0.3311297 0.8370428
0.000000 -0.0401156 -0.0868214 -0.2139900 0.0768634 -0.4536017 0.3462270 0.8175967
0.000000 -0.0356097 -0.0899519 -0.2231719 0.0766677 -0.4718323 0.3570234 0.8025151
0.000000 -0.0331178 -0.0921756 -0.2277785 0.0767931 -0.4787377 0.3606548 0.7967692
0.000000 -0.0259024 -0.0975192 -0.2416143 0.0798807 -0.4925760 0.3743660 0.7815613
0.000000 -0.0212361 -0.1012660 -0.2518539 0.0817180 -0.5001467 0.3856348 0.7710131
0.000000 -0.0173257 -0.1024883 -0.2576225 0.0831248 -0.5113466 0.3958189 0.7582495
0.000000 -0.0161344 -0.1035081 -0.2594101 0.0840986 -0.5286624 0.4027430 0.7424564
0.000000 -0.0170045 -0.1053862 -0.2609975 0.0808487 -0.5546297 0.4124601 0.7181407
0.000000 -0.0135424 -0.1055448 -0.2616627 0.0776544 -0.5827011 0.4280255 0.6864572
0.000000 -0.0049540 -0.1062495 -0.2660136 0.0794472 -0.6068787 0.4404289 0.6568171
0.000000 0.0119671 -0.1080548 -0.2732286 0.0849584 -0.6311880 0.4536626 0.6233570
0.000000 0.0238299 -0.1095655 -0.2898141 0.1017514 -0.6357460 0.4675575 0.6056927
0.000000 0.0273456 -0.1086792 -0.3009506 0.0935800 -0.6469568 0.4812272 0.5840463
0.000000 0.0328255 -0.1086587 -0.3023430 0.0865549 -0.6663459 0.4831992 0.5612574
0.000000 0.0419976 -0.1093874 -0.3047161 0.0869329 -0.6813463 0.4854271 0.5408978
0.000000 0.0509358 -0.1097253 -0.3071882 0.0872508 -0.6946221 0.4868575 0.5223573
0.000000 0.0619095 -0.1087148 -0.3089412 0.0876976 -0.7078888 0.4903595 0.5007495
0.000000 0.0760049 -0.1083601 -0.3116685 0.0906236 -0.7163722 0.4962109 0.4820508
0.000000 0.0959954 -0.1170720 -0.3275018 0.0955486 -0.7160159 0.5033455 0.4741676
0.000000 0.1085573 -0.1191070 -0.3354603 0.0984305 -0.7221668 0.5136541 0.4527095
0.000000 0.1262976 -0.1223952 -0.3486175 0.1016940 -0.7269942 0.5210104 0.4355296
0.000000 0.1363026 -0.1198445 -0.3531603 0.1064627 -0.7335590 0.5307132 0.4109752
0.000000 0.1514556 -0.1202939 -0.3694453 0.1069037 -0.7394227 0.5352054 0.3941838
0.000000 0.1637835 -0.1201241 -0.3767533 0.1086142 -0.7423893 0.5415399 0.3792039
0.000000 0.1771744 -0.1211891 -0.3890069 0.1037374 -0.7479880 0.5462052 0.3625087
0.000000 0.1835676 -0.1202794 -0.3931638 0.1018076 -0.7494726 0.5512264 0.3522435
0.000000 0.1867374 -0.1188687 -0.3989632 0.1002034 -0.7512555 0.5538307 0.3447406
0.000000 0.1943852 -0.1179325 -0.4066579 0.1013988 -0.7549411 0.5541021 0.3357874
0.000000 0.1999931 -0.1169681 -0.4099798 0.1044228 -0.7554234 0.5558134 0.3309123
0.000000 0.2016394 -0.1161871 -0.4101159 0.1061889 -0.7577038 0.5589209 0.3197127
0.000000 0.2100529 -0.1207740 -0.4097761 0.1081122 -0.7528859 0.5627695 0.3236744
0.000000 0.2149285 -0.1218228 -0.4111355 0.1097424 -0.7499969 0.5677621 0.3211034
0.000000 0.2141946 -0.1228195 -0.4208281 0.1065733 -0.7557280 0.5643908 0.3146116
0.000000 0.2188709 -0.1196673 -0.4315631 0.1119210 -0.7570941 0.5651188 0.3080956
0.000000 0.2726094 -0.1142600 -0.4730403 0.1259826 -0.7579620 0.5862426 0.2567909
0.000000 0.2585209 -0.1192822 -0.4794869 0.1254040 -0.7632955 0.5740439 0.2685657
0.000000 0.2576443 -0.1245299 -0.4902869 0.1229112 -0.7684968 0.5692528 0.2650599
0.000000 0.2729918 -0.1220267 -0.4891762 0.1335009 -0.7652322 0.5764273 0.2536312
0.000000 0.2887909 -0.1252917 -0.4952777 0.1303567 -0.7614491 0.5801879 0.2580397
0.000000 0.2964820 -0.1255945 -0.5021981 0.1280984 -0.7646850 0.5782087 0.2540123
0.000000 0.3013007 -0.1225266 -0.5012892 0.1291471 -0.7719875 0.5790137 0.2282532
0.000000 0.3033078 -0.1216064 -0.5016552 0.1236062 -0.7777353 0.5800497 0.2083067
0.000000 0.3020282 -0.1228866 -0.5010547 0.1265145 -0.7685199 0.5920313 0.2070512
0.000000 0.3016637 -0.1229831 -0.4995369 0.1246697 -0.7631444 0.6019546 0.1992953
0.000000 0.3028495 -0.1217989 -0.4986259 0.1241905 -0.7609570 0.6074449 0.1911329
0.000000 0.3053821 -0.1200263 -0.4976284 0.1247753 -0.7622585 0.6093247 0.1792106
0.000000 0.3076158 -0.1184706 -0.4976330 0.1238230 -0.7663345 0.6086765 0.1640499
0.000000 0.3100405 -0.1166716 -0.4969359 0.1241294 -0.7684311 0.6093650 0.1509297
0.000000 0.3145314 -0.1135391 -0.4956327 0.1253200 -0.7686229 0.6113107 0.1407588
0.000000 0.3182622 -0.1099169 -0.4954673 0.1273876 -0.7722873 0.6092715 0.1270157
0.000000 0.3217989 -0.1075582 -0.4945286 0.1295910 -0.7732888 0.6089678 0.1199531
0.000000 0.3246991 -0.1048538 -0.4937215 0.1324135 -0.7724011 0.6108088 0.1130300
0.000000 0.3297608 -0.1018682 -0.4949623 0.1353572 -0.7724026 0.6110210 0.1082861
0.000000 0.3466594 -0.0993305 -0.5011747 0.1348217 -0.7705854 0.6133639 0.1086552
0.000000 0.3649942 -0.0974585 -0.5122604 0.1318549 -0.7664598 0.6179972 0.1150353
0.000000 0.3715566 -0.0916387 -0.5109120 0.1366425 -0.7676951 0.6178810 0.1009763
0.000000 0.3768798 -0.0878808 -0.5121548 0.1391936 -0.7670759 0.6190724 0.0947053
0.000000 0.3805348 -0.0843908 -0.5118980 0.1407691 -0.7693483 0.6173108 0.0849395
0.000000 0.3858215 -0.0806950 -0.5116030 0.1421571 -0.7708060 0.6162997 0.0763170
0.000000 0.3908275 -0.0760757 -0.5095354 0.1454162 -0.7705876 0.6169689 0.0663188
0.000000 0.3963214 -0.0712312 -0.5069405 0.1493442 -0.7695167 0.6184608 0.0551959
0.000000 0.4224070 -0.0703064 -0.5245194 0.1405292 -0.7604596 0.6300154 0.0709459
0.000000 0.4253891 -0.0672238 -0.5228131 0.1380128 -0.7661768 0.6252720 0.0544101
0.000000 0.4269553 -0.0646099 -0.5194429 0.1378892 -0.7683463 0.6234890 0.0434980
0.000000 0.4292886 -0.0626806 -0.5195373 0.1380545 -0.7676694 0.6244996 0.0403096
0.000000 0.4320721 -0.0600887 -0.5189009 0.1405526 -0.7685228 0.6232563 0.0341934
0.000000 0.4367248 -0.0571007 -0.5183213 0.1448633 -0.7686832 0.6223121 0.0294690
0.000000 0.4391058 -0.0543572 -0.5181820 0.1462737 -0.7673348 0.6239175 0.0229880
0.000000 0.4418540 -0.0528654 -0.5174601 0.1447075 -0.7671040 0.6247513 0.0172316
0.000000 0.4466486 -0.0523879 -0.5233289 0.1440890 -0.7654606 0.6268689 0.0185416
0.000000 0.4484747 -0.0523779 -0.5258480 0.1435450 -0.7661282 0.6261992 0.0178035
0.000000 0.4526167 -0.0528062 -0.5295490 0.1427052 -0.7687787 0.6231959 0.0155359
0.000000 0.4542032 -0.0516654 -0.5302072 0.1407792 -0.7702243 0.6219788 0.0088392
0.000000 0.4576461 -0.0513836 -0.5299896 0.1394595 -0.7717569 0.6204214 0.0044237
0.000000 0.4619923 -0.0510415 -0.5306905 0.1384001 -0.7722694 0.6200355 0.0011448
0.000000 0.4718720 -0.0501953 -0.5309292 -0.1386489 0.7733309 -0.6186470 0.0034097
0.000000 0.4745189 -0.0500877 -0.5300622 -0.1385787 0.7742828 -0.6174572 0.0053689
0.000000 0.4802820 -0.0495754 -0.5318613 -0.1390035 0.7743915 -0.6172054 0.0073096
0.000000 0.4833344 -0.0485173 -0.5320424 -0.1391059 0.7749833 -0.6164197 0.0087832
0.000000 0.4853093 -0.0472908 -0.5328913 -0.1399913 0.7744310 -0.6168695 0.0114500
0.000000 0.4881276 -0.0465387 -0.5332592 -0.1396694 0.7751208 -0.6160266 0.0138374
0.000000 0.4913069 -0.0435200 -0.5336174 -0.1395311 0.7756629 -0.6150799 0.0235527
0.000000 0.4932945 -0.0434357 -0.5340252 -0.1390039 0.7769465 -0.6133973 0.0278513
0.000000 0.4995293 -0.0433372 -0.5358336 -0.1401557 0.7796474 -0.6094652 0.0325349
0.000000 0.5011309 -0.0425123 -0.5357385 -0.1406356 0.7809258 -0.6073675 0.0384879
0.000000 0.5037132 -0.0402016 -0.5363246 -0.1442475 0.7822327 -0.6039039 0.0510372
0.000000 0.5047921 -0.0385274 -0.5360028 -0.1469906 0.7831420 -0.6014541 0.0577519
0.000000 0.5089701 -0.0369032 -0.5374748 -0.1477295 0.7835299 -0.6006254 0.0592119
0.000000 0.5123868 -0.0349346 -0.5379523 -0.1485423 0.7841180 -0.5992475 0.0632182
0.000000 0.5162275 -0.0321644 -0.5384629 -0.1490185 0.7841886 -0.5986885 0.0664369
0.000000 0.5275341 -0.0253105 -0.5402987 -0.1487765 0.7826355 -0.5996859 0.0756587
0.000000 0.5320016 -0.0247494 -0.5402066 -0.1477461 0.7846394 -0.5970381 0.0778305
0.000000 0.5391572 -0.0217012 -0.5426755 -0.1494945 0.7854859 -0.5949688 0.0817036
0.000000 0.5440390 -0.0171009 -0.5418112 -0.1528152 0.7847145 -0.5942188 0.0881744
0.000000 0.5475904 -0.0159850 -0.5411844 -0.1529397 0.7850039 -0.5936513 0.0891991
0.000000 0.5487508 -0.0147530 -0.5406491 -0.1534099 0.7848016 -0.5931782 0.0932276
0.000000 0.5589137 -0.0115934 -0.5391929 -0.1521108 0.7853666 -0.5923985 0.0955286
0.000000 0.5613286 -0.0100362 -0.5380256 -0.1526783 0.7853261 -0.5918757 0.0981607
0.000000 0.5643245 -0.0081488 -0.5377305 -0.1526598 0.7848442 -0.5922449 0.0998034
0.000000 0.5676849 -0.0061063 -0.5376288 -0.1524376 0.7845603 -0.5926095 0.1002101
0.000000 0.5730455 -0.0017625 -0.5364127 -0.1526675 0.7835955 -0.5932757 0.1034148
0.000000 0.5794262 0.0030454 -0.5365217 -0.1508842 0.7810338 -0.5968342 0.1049239
0.000000 0.5811667 0.0049585 -0.5358483 -0.1510102 0.7807535 -0.5967034 0.1075401
0.000000 0.5837767 0.0063430 -0.5354121 -0.1510345 0.7809703 -0.5961735 0.1088628
0.000000 0.5913641 0.0153701 -0.5384048 -0.1475459 0.7738292 -0.6065096 0.1075396
0.000000 0.5966711 0.0187094 -0.5359792 -0.1469483 0.7744690 -0.6051410 0.1113928
0.000000 0.5995363 0.0207877 -0.5357968 -0.1466324 0.7739049 -0.6056534 0.1129340
0.000000 0.6038813 0.0226738 -0.5356282 -0.1459296 0.7743793 -0.6053255 0.1123490
0.000000 0.6060952 0.0243167 -0.5348852 -0.1461410 0.7747630 -0.6043445 0.1146854
0.000000 0.6119769 0.0281356 -0.5340117 -0.1451230 0.7750789 -0.6036776 0.1173260
0.000000 0.6191028 0.0325221 -0.5344520 -0.1429982 0.7738736 -0.6054526 0.1187364
0.000000 0.6215035 0.0350339 -0.5339700 -0.1425909 0.7730333 -0.6061457 0.1211401
0.000000 0.6258001 0.0372286 -0.5337341 -0.1409897 0.7726430 -0.6070032 0.1212108
0.000000 0.6337506 0.0420250 -0.5324947 -0.1386551 0.7712725 -0.6089233 0.1229878
0.000000 0.6412576 0.0465181 -0.5322042 -0.1375058 0.7701672 -0.6103153 0.1242974
0.000000 0.6457512 0.0488687 -0.5328031 -0.1375086 0.7698689 -0.6109357 0.1230883
0.000000 0.6564925 0.0558634 -0.5345774 -0.1367462 0.7688482 -0.6119928 0.1250503
0.000000 0.6616222 0.0598043 -0.5341864 -0.1346306 0.7681621 -0.6125610 0.1287268
0.000000 0.6658329 0.0613320 -0.5340856 -0.1338085 0.7683443 -0.6127433 0.1276248
0.000000 0.6726413 0.0666228 -0.5345818 -0.1314844 0.7661287 -0.6152778 0.1311181
0.000000 0.6754220 0.0694237 -0.5347313 -0.1307311 0.7661551 -0.6145832 0.1349194
0.000000 0.6809585 0.0722041 -0.5352645 -0.1306095 0.7656050 -0.6155615 0.1336947
0.000000 0.6884550 0.0776362 -0.5348114 -0.1299072 0.7637371 -0.6166853 0.1397463
0.000000 0.7001901 0.0815268 -0.5321772 -0.1315366 0.7658077 -0.6132514 0.1419839
0.000000 0.7014178 0.0827830 -0.5320694 -0.1315482 0.7649748 -0.6137706 0.1442021
0.000000 0.7050011 0.0871307 -0.5312494 -0.1323221 0.7634740 -0.6138454 0.1509703
0.000000 0.7187355 0.0936764 -0.5301054 -0.1341946 0.7631285 -0.6134001 0.1528629
0.000000 0.7279115 0.0991980 -0.5286174 -0.1336130 0.7624222 -0.6129522 0.1585866
0.000000 0.7397659 0.1048040 -0.5261495 -0.1344439 0.7630376 -0.6107029 0.1635249
0.000000 0.7475102 0.1114622 -0.5262524 -0.1362571 0.7610921 -0.6108211 0.1705004
0.000000 0.7660536 0.1231642 -0.5222454 -0.1369429 0.7593132 -0.6104393 0.1790361
0.000000 0.7875006 0.1342406 -0.5182024 -0.1370556 0.7603192 -0.6067900 0.1869128
0.000000 0.7930375 0.1414034 -0.5157405 -0.1371625 0.7574921 -0.6064519 0.1990182
0.000000 0.7970911 0.1485465 -0.5123751 -0.1364985 0.7547945 -0.6046572 0.2145766
0.000000 0.8026373 0.1572946 -0.5101556 -0.1374577 0.7519836 -0.6032532 0.2274018
0.000000 0.8209210 0.1677388 -0.5068731 -0.1364119 0.7523381 -0.6005808 0.2338416
