0.000000 0.0000000 0.0000000 0.0000000 -0.0000000 -0.0000000 -0.0000000 1.0000000
0.000000 0.0015102 0.0035849 0.0030928 -0.0111596 0.0011788 0.0001383 0.9999371
0.000000 0.0154900 0.0105129 0.0117230 -0.0466535 0.0052750 -0.0124268 0.9988199
0.000000 0.0197936 0.0117725 0.0160863 -0.0452019 0.0192253 -0.0224185 0.9985412
0.000000 0.0188296 0.0124810 0.0164973 -0.0312985 0.0305087 -0.0118494 0.9989741
0.000000 0.0188989 0.0104618 0.0156122 -0.0254509 0.0314834 0.0383340 0.9984446
0.000000 0.0213761 0.0079291 0.0160600 -0.0184675 0.0377478 0.0212173 0.9988913
0.000000 0.0253754 0.0078185 0.0185998 -0.0058704 0.0557125 -0.0023959 0.9984267
0.000000 0.0298961 0.0098161 0.0228776 0.0022137 0.0773095 -0.0326516 0.9964699
0.000000 0.0353312 0.0108608 0.0252318 0.0069684 0.0929459 -0.0552909 0.9941104
0.000000 0.0428217 0.0119728 0.0272619 0.0118642 0.1114588 -0.0656951 0.9915243
0.000000 0.0473305 0.0126644 0.0292177 0.0135679 0.1238644 -0.0717554 0.9896083
0.000000 0.0505996 0.0131745 0.0303881 0.0154264 0.1379507 -0.0785828 0.9871963
0.000000 0.0503337 0.0192264 0.0361447 -0.0138475 0.1363735 -0.0475592 0.9894183
0.000000 0.0477551 0.0185636 0.0354411 -0.0141438 0.1297117 -0.0450145 0.9904284
0.000000 0.0432300 0.0172629 0.0331748 -0.0149889 0.1159596 -0.0409961 0.9922944
0.000000 0.0382746 0.0158666 0.0314729 -0.0149853 0.1051508 -0.0406728 0.9935112
0.000000 0.0324876 0.0146963 0.0264337 -0.0089681 0.0826250 -0.0295549 0.9961020
0.000000 0.0274761 0.0125649 0.0233016 -0.0091020 0.0658235 -0.0104249 0.9977353
0.000000 0.0201598 0.0086666 0.0173734 -0.0004509 0.0444996 0.0082893 0.9989749
0.000000 0.0174050 0.0071499 0.0143350 0.0016581 0.0316001 0.0182969 0.9993318
0.000000 0.0147798 0.0069709 0.0117985 -0.0009295 0.0193550 0.0275164 0.9994335
0.000000 0.0110783 0.0061361 0.0091516 -0.0027402 0.0092965 0.0349378 0.9993425
0.000000 0.0069088 0.0047626 0.0049812 -0.0012825 -0.0035092 0.0414047 0.9991355
0.000000 -0.0009645 0.0024056 -0.0025251 -0.0000056 -0.0298586 0.0580785 0.9978654
0.000000 -0.0042550 0.0010491 -0.0074851 0.0028083 -0.0452568 0.0668631 0.9967313
0.000000 -0.0075775 -0.0007223 -0.0118401 0.0043498 -0.0609361 0.0761905 0.9952200
0.000000 -0.0100953 -0.0031587 -0.0164273 0.0044261 -0.0793308 0.0888295 0.9928728
0.000000 -0.0152200 -0.0067973 -0.0258135 0.0076230 -0.1090162 0.1074773 0.9881832
0.000000 -0.0197795 -0.0116262 -0.0363852 0.0141019 -0.1384708 0.1253194 0.9823045
0.000000 -0.0233724 -0.0137375 -0.0438926 0.0195580 -0.1587096 0.1366374 0.9776292
0.000000 -0.0345330 -0.0262575 -0.0651090 0.0322455 -0.1927590 0.1745020 0.9650665
0.000000 -0.0371162 -0.0287148 -0.0700397 0.0355759 -0.2004548 0.1801485 0.9623402
0.000000 -0.0406933 -0.0327705 -0.0792880 0.0374562 -0.2217109 0.1918085 0.9553276
0.000000 -0.0422795 -0.0343246 -0.0842390 0.0372438 -0.2351609 0.1969572 0.9510627
0.000000 -0.0449882 -0.0382953 -0.0953650 0.0387175 -0.2583485 0.2115090 0.9418179
0.000000 -0.0476260 -0.0407389 -0.1029707 0.0414180 -0.2670101 0.2179421 0.9378120
0.000000 -0.0492631 -0.0432118 -0.1104292 0.0442477 -0.2771812 0.2247589 0.9331110
0.000000 -0.0513781 -0.0488308 -0.1237286 0.0493339 -0.2946326 0.2391914 0.9238752
0.000000 -0.0560132 -0.0553746 -0.1399686 0.0559914 -0.3104712 0.2525135 0.9147183
0.000000 -0.0561959 -0.0581522 -0.1474530 0.0590633 -0.3237160 0.2601992 0.9077532
0.000000 -0.0555040 -0.0608550 -0.1544955 0.0613897 -0.3377038 0.2689140 0.8999293
0.000000 -0.0574089 -0.0675018 -0.1733012 0.0666527 -0.3570425 0.2846512 0.8871593
0.000000 -0.0560615 -0.0719779 -0.1860566 0.0691479 -0.3802186 0.2987825 0.8725717
0.000000 -0.0551584 -0.0746492 -0.1950814 0.0728934 -0.3909009 0.3034285 0.8659182
0.000000 -0.0519391 -0.0808436 -0.2145260 0.0814351 -0.4224681 0.3204928 0.8439037
0.000000 -0.0470507 -0.0840873 -0.2246569 0.0825876 -0.4469106 0.3352433 0.8252649
0.000000 -0.0433008 -0.0872989 -0.2331198 0.0814927 -0.4655555 0.3453982 0.8107510
0.000000 -0.0405476 -0.0910955 -0.2433283 0.0834466 -0.4751177 0.3533888 0.8015087
0.000000 -0.0364936 -0.0946808 -0.2523558 0.0854821 -0.4840676 0.3630837 0.7915438
0.000000 -0.0317926 -0.0984601 -0.2617634 0.0865124 -0.4932400 0.3740248 0.7805994
0.000000 -0.0292108 -0.1006522 -0.2672879 0.0863049 -0.5045031 0.3839486 0.7685125
0.000000 -0.0268086 -0.1011148 -0.2698685 0.0885254 -0.5214744 0.3909486 0.7532509
0.000000 -0.0271499 -0.1025875 -0.2718818 0.0852567 -0.5470250 0.4017825 0.7294284
0.000000 -0.0237074 -0.1035095 -0.2737223 0.0815618 -0.5749300 0.4168318 0.6993243
0.000000 -0.0166697 -0.1046847 -0.2775041 0.0815509 -0.5996270 0.4298057 0.6701224
0.000000 -0.0017990 -0.1047519 -0.2815998 0.0870471 -0.6279575 0.4450139 0.6324989
0.000000 0.0124606 -0.1067376 -0.2916400 0.0989369 -0.6380866 0.4598393 0.6095939
0.000000 0.0151026 -0.1060285 -0.3043607 0.0913686 -0.6483113 0.4728725 0.5896914
0.000000 0.0211149 -0.1062122 -0.3069911 0.0845531 -0.6667405 0.4754628 0.5676646
0.000000 0.0293842 -0.1068366 -0.3094659 0.0848719 -0.6816197 0.4782819 0.5472090
0.000000 0.0364861 -0.1073590 -0.3105989 0.0844627 -0.6958947 0.4797626 0.5276595
0.000000 0.0472744 -0.1065220 -0.3113434 0.0849533 -0.7107522 0.4823714 0.5049080
0.000000 0.0615565 -0.1069118 -0.3149838 0.0874352 -0.7184849 0.4879470 0.4878956
0.000000 0.0809936 -0.1136484 -0.3280926 0.0931215 -0.7197996 0.4967648 0.4758588
0.000000 0.0936982 -0.1144257 -0.3398378 0.0970538 -0.7216755 0.5104164 0.4574278
0.000000 0.1109319 -0.1154199 -0.3493186 0.1012014 -0.7290131 0.5188962 0.4347930
0.000000 0.1212471 -0.1137851 -0.3537970 0.1059439 -0.7363264 0.5270993 0.4108112
0.000000 0.1403160 -0.1151721 -0.3740040 0.1055285 -0.7411380 0.5343129 0.3925403
0.000000 0.1551550 -0.1140311 -0.3841307 0.1063337 -0.7466528 0.5418518 0.3709438
0.000000 0.1697894 -0.1153881 -0.3958772 0.1002066 -0.7509366 0.5476635 0.3551306
0.000000 0.1753076 -0.1142130 -0.4063111 0.0980889 -0.7532029 0.5502655 0.3468024
0.000000 0.1842918 -0.1136553 -0.4127105 0.1007924 -0.7561350 0.5509902 0.3383943
0.000000 0.1909884 -0.1136589 -0.4164572 0.1033041 -0.7570745 0.5542566 0.3301002
0.000000 0.1995031 -0.1192570 -0.4128961 0.1050349 -0.7543769 0.5581318 0.3291991
0.000000 0.2048590 -0.1202378 -0.4318170 0.1043809 -0.7536865 0.5622424 0.3239517
0.000000 0.2101963 -0.1183422 -0.4389782 0.1098113 -0.7591945 0.5587322 0.3152516
0.000000 0.2390572 -0.1155595 -0.4559588 0.1226994 -0.7561243 0.5666424 0.3035414
0.000000 0.2605861 -0.1067914 -0.4689204 0.1224936 -0.7572618 0.5828292 0.2680671
0.000000 0.2551977 -0.1117982 -0.4776486 0.1259786 -0.7582645 0.5827115 0.2638406
0.000000 0.2479585 -0.1145958 -0.4836226 0.1251763 -0.7622693 0.5756580 0.2681312
0.000000 0.2328733 -0.1175787 -0.4883634 0.1231049 -0.7635745 0.5695137 0.2783045
0.000000 0.2387723 -0.1192450 -0.4926556 0.1215746 -0.7699980 0.5682773 0.2634078
0.000000 0.2606441 -0.1230947 -0.4969496 0.1283143 -0.7658298 0.5710381 0.2663750
0.000000 0.2682424 -0.1198627 -0.4999229 0.1315742 -0.7610966 0.5809782 0.2566799
0.000000 0.2723774 -0.1175710 -0.5015333 0.1295366 -0.7669444 0.5794235 0.2434850
0.000000 0.2831190 -0.1175436 -0.5054629 0.1266515 -0.7705875 0.5780383 0.2366984
0.000000 0.2851433 -0.1160551 -0.5045238 0.1260210 -0.7719063 0.5813186 0.2243840
0.000000 0.2843551 -0.1177250 -0.5046566 0.1264450 -0.7721787 0.5863088 0.2097467
0.000000 0.2843766 -0.1176503 -0.5041063 0.1222745 -0.7642486 0.5989905 0.2053859
0.000000 0.2865031 -0.1158954 -0.5025229 0.1202883 -0.7596358 0.6086366 0.1950529
0.000000 0.2890832 -0.1143502 -0.5015789 0.1211783 -0.7610517 0.6103052 0.1834220
0.000000 0.2914085 -0.1126009 -0.5014555 0.1201620 -0.7649213 0.6099994 0.1683961
0.000000 0.2935368 -0.1107442 -0.5005336 0.1202683 -0.7671413 0.6107971 0.1547794
0.000000 0.2979948 -0.1077452 -0.4991716 0.1227210 -0.7678101 0.6120277 0.1443240
0.000000 0.3015859 -0.1045296 -0.4994129 0.1241857 -0.7714314 0.6102678 0.1305554
0.000000 0.3062446 -0.1004726 -0.4970513 0.1280584 -0.7722821 0.6108538 0.1184868
0.000000 0.3094124 -0.0977184 -0.4969561 0.1305184 -0.7716571 0.6122552 0.1124896
0.000000 0.3156325 -0.0937410 -0.4973558 0.1329405 -0.7718704 0.6126536 0.1058234
0.000000 0.3205593 -0.0895500 -0.4967347 0.1369847 -0.7728096 0.6122985 0.0953472
0.000000 0.3367758 -0.0866448 -0.5054628 0.1345431 -0.7696941 0.6163676 0.0977758
0.000000 0.3569037 -0.0837125 -0.5160085 0.1288698 -0.7621772 0.6254433 0.1062977
0.000000 0.3615138 -0.0784623 -0.5146961 0.1344274 -0.7648758 0.6233513 0.0912550
0.000000 0.3645467 -0.0755202 -0.5138731 0.1358964 -0.7679108 0.6207914 0.0803934
0.000000 0.3682560 -0.0714472 -0.5113480 0.1382237 -0.7694122 0.6198013 0.0688874
0.000000 0.3747063 -0.0648532 -0.5082463 0.1424104 -0.7678692 0.6218186 0.0586326
0.000000 0.3761340 -0.0631821 -0.5074667 0.1462125 -0.7680884 0.6212016 0.0526369
0.000000 0.3939437 -0.0592445 -0.5157431 0.1422282 -0.7637743 0.6272917 0.0540831
0.000000 0.4040160 -0.0584696 -0.5218108 0.1359134 -0.7650110 0.6275240 0.0499950
0.000000 0.4096246 -0.0535270 -0.5201561 0.1359238 -0.7654414 0.6278197 0.0382957
0.000000 0.4138271 -0.0498346 -0.5209773 0.1368469 -0.7640978 0.6295188 0.0336696
0.000000 0.4185184 -0.0479783 -0.5218542 0.1409820 -0.7639492 0.6289995 0.0294179
0.000000 0.4245727 -0.0466330 -0.5223969 0.1419242 -0.7635975 0.6293034 0.0274554
0.000000 0.4289474 -0.0460342 -0.5235499 0.1406697 -0.7632827 0.6300909 0.0244342
0.000000 0.4328334 -0.0463163 -0.5266562 0.1406604 -0.7636253 0.6296849 0.0242485
0.000000 0.4356992 -0.0460905 -0.5316158 0.1392713 -0.7650493 0.6283790 0.0210468
0.000000 0.4371273 -0.0450514 -0.5327339 0.1391062 -0.7658024 0.6275722 0.0186886
0.000000 0.4389242 -0.0448018 -0.5325990 0.1376065 -0.7683305 0.6249615 0.0124808
0.000000 0.4420879 -0.0442929 -0.5332673 0.1351687 -0.7691160 0.6246074 0.0074594
0.000000 0.4474885 -0.0436804 -0.5336793 0.1353682 -0.7700008 0.6234928 0.0055718
0.000000 0.4517784 -0.0427926 -0.5336477 0.1359167 -0.7702116 0.6231359 0.0015875
0.000000 0.4572099 -0.0430553 -0.5334355 0.1350727 -0.7711976 0.6221009 0.0002874
0.000000 0.4593719 -0.0428348 -0.5330889 -0.1360685 0.7717432 -0.6212032 0.0020759
0.000000 0.4657527 -0.0418412 -0.5341924 -0.1361808 0.7720239 -0.6208254 0.0031199
0.000000 0.4724365 -0.0419380 -0.5357361 -0.1359240 0.7735977 -0.6189089 0.0047968
0.000000 0.4750179 -0.0402217 -0.5362408 -0.1365142 0.7734894 -0.6188864 0.0075931
0.000000 0.4772517 -0.0385361 -0.5368714 -0.1368453 0.7734425 -0.6188117 0.0114995
0.000000 0.4831526 -0.0380005 -0.5384818 -0.1356422 0.7756053 -0.6162390 0.0169452
0.000000 0.4892861 -0.0387312 -0.5388738 -0.1341867 0.7798158 -0.6110392 0.0226347
0.000000 0.4914047 -0.0381061 -0.5387719 -0.1348805 0.7813327 -0.6087440 0.0275177
0.000000 0.4933623 -0.0355293 -0.5387180 -0.1387672 0.7828448 -0.6050763 0.0421959
0.000000 0.4946814 -0.0349946 -0.5387355 -0.1409027 0.7843506 -0.6021656 0.0483450
0.000000 0.4967659 -0.0322694 -0.5395983 -0.1427345 0.7838514 -0.6019781 0.0531618
0.000000 0.4992115 -0.0300789 -0.5393404 -0.1445447 0.7846054 -0.6000637 0.0585205
0.000000 0.5045723 -0.0290219 -0.5403788 -0.1434381 0.7856006 -0.5989079 0.0597201
0.000000 0.5087921 -0.0240896 -0.5392059 -0.1452455 0.7854637 -0.5972636 0.0722957
0.000000 0.5133157 -0.0214813 -0.5403131 -0.1458130 0.7847971 -0.5977454 0.0743811
0.000000 0.5172954 -0.0200492 -0.5421814 -0.1457795 0.7846368 -0.5977704 0.0759210
0.000000 0.5264328 -0.0125101 -0.5421452 -0.1524183 0.7854958 -0.5928801 0.0908750
0.000000 0.5284060 -0.0102877 -0.5416259 -0.1531889 0.7845294 -0.5934820 0.0939463
0.000000 0.5300107 -0.0089922 -0.5410328 -0.1534314 0.7842822 -0.5931621 0.0975649
0.000000 0.5331968 -0.0078230 -0.5407990 -0.1532915 0.7846708 -0.5925391 0.0984426
0.000000 0.5395229 -0.0055359 -0.5385379 -0.1533770 0.7854121 -0.5910432 0.1013470
0.000000 0.5453912 -0.0009665 -0.5376041 -0.1528742 0.7838251 -0.5926277 0.1050718
0.000000 0.5487689 0.0014222 -0.5379690 -0.1525560 0.7829158 -0.5938574 0.1053699
0.000000 0.5630597 0.0109428 -0.5376022 -0.1496858 0.7792729 -0.5991274 0.1066505
0.000000 0.5689468 0.0158284 -0.5378889 -0.1489775 0.7773236 -0.6015758 0.1080755
0.000000 0.5752631 0.0197293 -0.5370901 -0.1480209 0.7773185 -0.6013851 0.1104615
0.000000 0.5819976 0.0234699 -0.5355121 -0.1477548 0.7773566 -0.6011098 0.1120373
0.000000 0.5855243 0.0256326 -0.5353742 -0.1473697 0.7767739 -0.6018731 0.1124864
0.000000 0.5887527 0.0281242 -0.5354284 -0.1472112 0.7761196 -0.6026040 0.1132939
0.000000 0.5919687 0.0307988 -0.5356522 -0.1471884 0.7750227 -0.6039165 0.1138432
0.000000 0.5995367 0.0358664 -0.5360467 -0.1462291 0.7737733 -0.6058314 0.1134030
0.000000 0.6071757 0.0402150 -0.5369802 -0.1443549 0.7723130 -0.6080551 0.1138569
0.000000 0.6090382 0.0422103 -0.5356890 -0.1441133 0.7723874 -0.6073811 0.1172064
0.000000 0.6130366 0.0440447 -0.5353516 -0.1430259 0.7721565 -0.6078553 0.1176007
0.000000 0.6208397 0.0478990 -0.5333952 -0.1405032 0.7722686 -0.6078174 0.1200757
0.000000 0.6283424 0.0535160 -0.5338275 -0.1394454 0.7696157 -0.6112740 0.1207924
0.000000 0.6322343 0.0562294 -0.5344991 -0.1391903 0.7687401 -0.6124694 0.1206065
0.000000 0.6357652 0.0584591 -0.5349903 -0.1394948 0.7686490 -0.6124307 0.1210313
0.000000 0.6429512 0.0626887 -0.5363153 -0.1382449 0.7683305 -0.6127880 0.1226681
0.000000 0.6496255 0.0658160 -0.5356342 -0.1367435 0.7690142 -0.6119767 0.1241084
0.000000 0.6594776 0.0730430 -0.5367825 -0.1324186 0.7659140 -0.6158194 0.1288701
0.000000 0.6634130 0.0760584 -0.5376362 -0.1314224 0.7655701 -0.6160666 0.1307380
0.000000 0.6647555 0.0777780 -0.5373855 -0.1315958 0.7651157 -0.6162571 0.1323171
0.000000 0.6685349 0.0806268 -0.5371068 -0.1320117 0.7643287 -0.6168153 0.1338411
0.000000 0.6720324 0.0855213 -0.5374671 -0.1322135 0.7606447 -0.6194184 0.1423374
0.000000 0.6861843 0.0883591 -0.5342657 -0.1329794 0.7650733 -0.6141167 0.1408545
0.000000 0.6916475 0.0925895 -0.5337015 -0.1331925 0.7637995 -0.6147386 0.1447980
0.000000 0.6956955 0.0974967 -0.5338971 -0.1338855 0.7611029 -0.6167353 0.1497822
0.000000 0.7084806 0.1040763 -0.5325062 -0.1354481 0.7605689 -0.6161093 0.1536168
0.000000 0.7225609 0.1115281 -0.5298136 -0.1353159 0.7607377 -0.6136516 0.1624789
0.000000 0.7328402 0.1177625 -0.5286185 -0.1373611 0.7601721 -0.6128502 0.1663878
0.000000 0.7487791 0.1289070 -0.5247071 -0.1382448 0.7582415 -0.6116835 0.1783296
0.000000 0.7608899 0.1364070 -0.5229830 -0.1389035 0.7580440 -0.6099163 0.1846002
0.000000 0.7775925 0.1448733 -0.5196882 -0.1387265 0.7585266 -0.6077409 0.1898514
0.000000 0.7863390 0.1540236 -0.5164050 -0.1387879 0.7558930 -0.6067555 0.2030060
0.000000 0.7935399 0.1631518 -0.5134808 -0.1392086 0.7539583 -0.6033999 0.2192634
0.000000 0.8037171 0.1725210 -0.5120404 -0.1390016 0.7502519 -0.6056899 0.2256999
0.000000 0.8078620 0.1816506 -0.5090916 -0.1385850 0.7481216 -0.6026012 0.2407906
