0.000000 0.0000000 0.0000000 0.0000000 -0.0000000 -0.0000000 -0.0000000 1.0000000
0.000000 -0.0050639 -0.0009058 -0.0035704 0.0022881 -0.0056401 0.0051011 0.9999685
0.000000 -0.0108760 -0.0013733 -0.0049907 0.0026665 -0.0092725 0.0086526 0.9999160
0.000000 -0.0230618 -0.0034285 -0.0070970 0.0026156 -0.0157127 0.0136841 0.9997795
0.000000 -0.0336530 -0.0063753 -0.0099709 0.0042749 -0.0230965 0.0195492 0.9995329
0.000000 -0.0512430 -0.0093561 -0.0146085 0.0075637 -0.0313927 0.0278104 0.9990915
0.000000 -0.0635169 -0.0155483 -0.0177272 0.0076149 -0.0383006 0.0367540 0.9985611
0.000000 -0.0827790 -0.0203156 -0.0197566 0.0066238 -0.0441964 0.0467914 0.9979045
0.000000 -0.0946257 -0.0258921 -0.0202108 0.0061808 -0.0463353 0.0492576 0.9976916
0.000000 -0.1051805 -0.0309231 -0.0215150 0.0052359 -0.0510958 0.0543652 0.9971992
0.000000 -0.1119644 -0.0343487 -0.0235507 0.0075983 -0.0535083 0.0584770 0.9968247
0.000000 -0.1265848 -0.0395620 -0.0253586 0.0067952 -0.0589266 0.0659905 0.9960556
0.000000 -0.1374699 -0.0424697 -0.0275696 0.0072159 -0.0613692 0.0695523 0.9956627
0.000000 -0.1436630 -0.0449033 -0.0282777 0.0054755 -0.0648558 0.0751935 0.9950426
0.000000 -0.1499692 -0.0455417 -0.0302288 0.0072436 -0.0683184 0.0814795 0.9943044
0.000000 -0.1529057 -0.0473284 -0.0311681 0.0058514 -0.0716870 0.0842237 0.9938477
0.000000 -0.1595731 -0.0506706 -0.0324449 0.0047450 -0.0767564 0.0895773 0.9930065
0.000000 -0.1671399 -0.0541914 -0.0336541 0.0038056 -0.0791442 0.0929330 0.9925146
0.000000 -0.1741322 -0.0573943 -0.0348370 0.0027932 -0.0815319 0.0967707 0.9919578
0.000000 -0.1801229 -0.0588526 -0.0361605 0.0023990 -0.0848026 0.1005480 0.9913087
0.000000 -0.1863457 -0.0627207 -0.0383008 0.0021929 -0.0922775 0.1082077 0.9898339
0.000000 -0.1924634 -0.0648018 -0.0397255 0.0029616 -0.0950638 0.1112412 0.9892318
0.000000 -0.2003524 -0.0674075 -0.0414088 0.0021602 -0.0998134 0.1154973 0.9882778
0.000000 -0.2047846 -0.0756219 -0.0437453 -0.0001166 -0.1059501 0.1199071 0.9871154
0.000000 -0.2125394 -0.0777666 -0.0467294 0.0035029 -0.1076028 0.1233203 0.9865098
0.000000 -0.2183854 -0.0828595 -0.0478322 0.0011499 -0.1086427 0.1271885 0.9859100
0.000000 -0.2250578 -0.0854729 -0.0508540 0.0045079 -0.1109139 0.1314595 0.9850869
0.000000 -0.2328375 -0.0873490 -0.0520375 0.0046150 -0.1108979 0.1341990 0.9847187
0.000000 -0.2450151 -0.0922701 -0.0557024 0.0024601 -0.1108334 0.1397464 0.9839619
0.000000 -0.2562730 -0.1031319 -0.0564647 -0.0069051 -0.1083782 0.1435019 0.9836736
0.000000 -0.2589357 -0.1027074 -0.0587613 -0.0044025 -0.1217520 0.1523431 0.9807898
0.000000 -0.2596343 -0.1047959 -0.0637589 0.0108969 -0.1363124 0.1617939 0.9773039
0.000000 -0.2665087 -0.1058690 -0.0710918 0.0218093 -0.1437723 0.1795963 0.9729332
0.000000 -0.2726582 -0.1136137 -0.0776514 0.0213216 -0.1552179 0.1930647 0.9685963
0.000000 -0.2837182 -0.1147560 -0.0920169 0.0344143 -0.1612858 0.2095086 0.9637991
0.000000 -0.3852448 -0.1865623 -0.1636744 0.0344231 -0.2057337 0.2569992 0.9436314
0.000000 -0.3981067 -0.2019521 -0.1754852 0.0385179 -0.2185444 0.2680912 0.9374870
0.000000 -0.4040412 -0.2075975 -0.1810873 0.0399272 -0.2236919 0.2725250 0.9349321
0.000000 -0.4093445 -0.2161155 -0.1881722 0.0406216 -0.2319009 0.2822406 0.9300065
0.000000 -0.4413711 -0.2366048 -0.2260897 0.0570281 -0.2408669 0.3110212 0.9176038
0.000000 -0.4512162 -0.2491190 -0.2390718 0.0612017 -0.2440189 0.3181333 0.9140571
0.000000 -0.4616994 -0.2615154 -0.2529985 0.0655418 -0.2519091 0.3314269 0.9068640
0.000000 -0.4762083 -0.2729368 -0.2671654 0.0642729 -0.2607878 0.3410448 0.9008592
0.000000 -0.4864635 -0.2880431 -0.2792316 0.0632900 -0.2701294 0.3480070 0.8954974
0.000000 -0.4889662 -0.2904333 -0.2807877 0.0672144 -0.2740673 0.3517159 0.8925611
0.000000 -0.4844202 -0.2869556 -0.2704302 0.0703677 -0.2724596 0.3477753 0.8943526
0.000000 -0.4817658 -0.2795903 -0.2630804 0.0708870 -0.2682789 0.3473008 0.8957587
0.000000 -0.4760942 -0.2705184 -0.2501341 0.0672341 -0.2631292 0.3436813 0.8989581
0.000000 -0.4728644 -0.2584061 -0.2403727 0.0665888 -0.2576592 0.3379540 0.9027540
0.000000 -0.4674703 -0.2473145 -0.2311424 0.0656056 -0.2527632 0.3332388 0.9059573
0.000000 -0.4626502 -0.2321687 -0.2207129 0.0652997 -0.2445653 0.3295100 0.9095861
0.000000 -0.4523367 -0.2180469 -0.2061394 0.0551001 -0.2380924 0.3201424 0.9153059
0.000000 -0.4451797 -0.2088656 -0.1967624 0.0549531 -0.2295824 0.3135503 0.9197599
0.000000 -0.4380332 -0.1995171 -0.1851976 0.0534760 -0.2213117 0.3028816 0.9254319
0.000000 -0.4305211 -0.1932178 -0.1794288 0.0553929 -0.2190744 0.2959720 0.9280834
0.000000 -0.3835832 -0.1430553 -0.1273645 0.0405114 -0.1798956 0.2591958 0.9480580
0.000000 -0.3804139 -0.1378279 -0.1211813 0.0390733 -0.1716129 0.2512043 0.9517976
0.000000 -0.3742126 -0.1310435 -0.1155687 0.0376618 -0.1682298 0.2437939 0.9543819
0.000000 -0.3675993 -0.1245324 -0.1088236 0.0354295 -0.1629811 0.2356216 0.9574260
0.000000 -0.3557675 -0.1162139 -0.0996358 0.0321895 -0.1564101 0.2277896 0.9605268
0.000000 -0.3539276 -0.1145647 -0.0970129 0.0324590 -0.1470530 0.2199112 0.9638262
0.000000 -0.3463952 -0.1100722 -0.0912756 0.0320711 -0.1385480 0.2091061 0.9674971
0.000000 -0.3428795 -0.1081671 -0.0897666 0.0319200 -0.1363573 0.2058002 0.9685216
0.000000 -0.3327583 -0.1052967 -0.0852983 0.0328267 -0.1260291 0.1940836 0.9723017
0.000000 -0.3283820 -0.1031546 -0.0811008 0.0339043 -0.1179831 0.1848522 0.9750693
0.000000 -0.3231486 -0.0940811 -0.0757101 0.0341693 -0.1089415 0.1749132 0.9779415
0.000000 -0.3123600 -0.0874994 -0.0715871 0.0314872 -0.1036294 0.1647488 0.9803711
0.000000 -0.3015225 -0.0836528 -0.0687960 0.0325064 -0.0994650 0.1627869 0.9810966
0.000000 -0.2836021 -0.0736490 -0.0625583 0.0348283 -0.0875952 0.1628276 0.9821411
0.000000 -0.2562104 -0.0643064 -0.0526785 0.0298022 -0.0740683 0.1639698 0.9832292
0.000000 -0.2467860 -0.0583972 -0.0467067 0.0242409 -0.0663411 0.1595077 0.9846667
0.000000 -0.2319475 -0.0524308 -0.0429803 0.0212381 -0.0567252 0.1509601 0.9866825
0.000000 -0.2198184 -0.0532212 -0.0388405 0.0229943 -0.0451245 0.1432198 0.9883942
0.000000 -0.2143964 -0.0541164 -0.0344679 0.0185609 -0.0385456 0.1344464 0.9899969
0.000000 -0.2216390 -0.0556954 -0.0347960 0.0141261 -0.0429069 0.1293778 0.9905660
0.000000 -0.2332342 -0.0590719 -0.0383154 0.0113659 -0.0541395 0.1385382 0.9888109
0.000000 -0.2450204 -0.0623924 -0.0427329 0.0138504 -0.0620631 0.1462956 0.9871950
0.000000 -0.2606057 -0.0691994 -0.0465096 0.0149906 -0.0662391 0.1529320 0.9859003
0.000000 -0.2810872 -0.0770206 -0.0513523 0.0134613 -0.0753429 0.1614863 0.9839027
0.000000 -0.2920617 -0.0786851 -0.0544168 0.0132852 -0.0801593 0.1681089 0.9824141
0.000000 -0.3182964 -0.0827528 -0.0681355 0.0202805 -0.0897403 0.1834984 0.9787051
0.000000 -0.3305857 -0.0884335 -0.0734062 0.0207808 -0.0976593 0.1894993 0.9767911
0.000000 -0.3465210 -0.0936943 -0.0790292 0.0225483 -0.1027459 0.1956253 0.9750209
0.000000 -0.3593320 -0.0990912 -0.0894844 0.0226311 -0.1221961 0.2120564 0.9693235
0.000000 -0.3673753 -0.1033966 -0.0956596 0.0237439 -0.1303986 0.2185495 0.9667826
0.000000 -0.3735807 -0.1093328 -0.1001415 0.0258877 -0.1364364 0.2249564 0.9644219
0.000000 -0.3816901 -0.1160582 -0.1078015 0.0331968 -0.1406567 0.2353139 0.9611145
0.000000 -0.3907461 -0.1231715 -0.1153045 0.0368608 -0.1493593 0.2447177 0.9573120
0.000000 -0.3988093 -0.1296014 -0.1203192 0.0388180 -0.1535123 0.2485544 0.9555877
0.000000 -0.4022212 -0.1351540 -0.1255570 0.0412271 -0.1635627 0.2549707 0.9521227
0.000000 -0.4033393 -0.1374783 -0.1291080 0.0425375 -0.1690560 0.2600097 0.9497398
0.000000 -0.4039164 -0.1388137 -0.1314067 0.0438141 -0.1745677 0.2649034 0.9473292
0.000000 -0.4071596 -0.1412785 -0.1364817 0.0479373 -0.1829545 0.2733550 0.9431366
0.000000 -0.4076506 -0.1451742 -0.1386788 0.0477718 -0.1879101 0.2771059 0.9410739
0.000000 -0.4093537 -0.1478919 -0.1431583 0.0522830 -0.1905570 0.2802758 0.9393615
0.000000 -0.4111382 -0.1487277 -0.1465681 0.0577765 -0.1934218 0.2839766 0.9373404
0.000000 -0.4114851 -0.1502437 -0.1483849 0.0599986 -0.1972978 0.2879299 0.9351845
0.000000 -0.4139674 -0.1561684 -0.1526557 0.0604271 -0.2033390 0.2949493 0.9316688
0.000000 -0.4161843 -0.1605988 -0.1581133 0.0628578 -0.2102188 0.3032125 0.9273183
0.000000 -0.4187806 -0.1632334 -0.1600172 0.0634220 -0.2126708 0.3071020 0.9254389
0.000000 -0.4202504 -0.1671535 -0.1623259 0.0621391 -0.2150517 0.3115446 0.9234888
0.000000 -0.4210168 -0.1684695 -0.1677850 0.0654045 -0.2349670 0.3225213 0.9145998
0.000000 -0.4222093 -0.1701262 -0.1718111 0.0649999 -0.2458470 0.3309345 0.9087446
0.000000 -0.4235486 -0.1759276 -0.1777965 0.0630559 -0.2561592 0.3400966 0.9026299
0.000000 -0.4258024 -0.1799640 -0.1804736 0.0613856 -0.2597423 0.3439963 0.9002402
0.000000 -0.4252197 -0.1847048 -0.1877840 0.0632465 -0.2727700 0.3562939 0.8914320
0.000000 -0.4259616 -0.1884145 -0.1923063 0.0646530 -0.2779613 0.3607123 0.8879438
0.000000 -0.4223729 -0.1911302 -0.1989940 0.0694186 -0.2939890 0.3730078 0.8772780
0.000000 -0.4287294 -0.1997640 -0.2115872 0.0744006 -0.3015392 0.3810588 0.8708231
0.000000 -0.4415395 -0.2121201 -0.2306906 0.0779656 -0.3070754 0.3890435 0.8650267
0.000000 -0.4441533 -0.2171567 -0.2395883 0.0789331 -0.3159570 0.3985050 0.8573998
0.000000 -0.4523920 -0.2242897 -0.2502230 0.0757665 -0.3229288 0.4041193 0.8524459
0.000000 -0.4513023 -0.2275821 -0.2576920 0.0818427 -0.3284020 0.4096626 0.8471307
0.000000 -0.4582944 -0.2280455 -0.2610835 0.0793253 -0.3303176 0.4088306 0.8470274
0.000000 -0.4630583 -0.2295890 -0.2618143 0.0727882 -0.3402974 0.4154239 0.8404300
0.000000 -0.4630024 -0.2307343 -0.2629908 0.0716434 -0.3440252 0.4218556 0.8357941
0.000000 -0.4637564 -0.2351961 -0.2704851 0.0795474 -0.3453440 0.4233449 0.8337799
0.000000 -0.4723738 -0.2500602 -0.2803550 0.0772427 -0.3471071 0.4229212 0.8334793
0.000000 -0.4677532 -0.2516145 -0.2824880 0.0776127 -0.3582171 0.4365234 0.8216472
0.000000 -0.4652125 -0.2546808 -0.2887689 0.0808973 -0.3672989 0.4448310 0.8128176
0.000000 -0.4696129 -0.2625484 -0.2965062 0.0827683 -0.3654820 0.4449241 0.8133971
0.000000 -0.4712792 -0.2666471 -0.3069273 0.0833421 -0.3769798 0.4559363 0.8019118
0.000000 -0.4715489 -0.2711664 -0.3188310 0.0916075 -0.3819407 0.4581942 0.7973628
0.000000 -0.4751748 -0.2751347 -0.3248568 0.0904446 -0.3839534 0.4610134 0.7949001
0.000000 -0.4763690 -0.2807639 -0.3326797 0.0917457 -0.3852758 0.4639629 0.7923912
0.000000 -0.4765899 -0.2848870 -0.3391358 0.0947482 -0.3889633 0.4644522 0.7899458
0.000000 -0.4760815 -0.2898041 -0.3454577 0.0960717 -0.3912554 0.4691375 0.7858750
0.000000 -0.4763528 -0.2941781 -0.3491132 0.0961652 -0.3918023 0.4705833 0.7847258
0.000000 -0.4739128 -0.3002345 -0.3546270 0.0976634 -0.3954140 0.4741682 0.7805602
0.000000 -0.4742459 -0.3078135 -0.3636430 0.1000776 -0.3971375 0.4802884 0.7756219
0.000000 -0.4764330 -0.3179036 -0.3753791 0.1010543 -0.4024513 0.4848575 0.7698923
0.000000 -0.4769944 -0.3233374 -0.3888556 0.1082086 -0.4054944 0.4933900 0.7618605
0.000000 -0.4800400 -0.3298383 -0.3961159 0.1054508 -0.4107483 0.4936571 0.7592553
0.000000 -0.4811802 -0.3366594 -0.4076103 0.1096797 -0.4141869 0.4965217 0.7549078
0.000000 -0.4805873 -0.3449838 -0.4189401 0.1126653 -0.4180259 0.4989857 0.7507158
0.000000 -0.4809362 -0.3528395 -0.4287816 0.1117194 -0.4234511 0.5029535 0.7451481
0.000000 -0.4812524 -0.3584353 -0.4391943 0.1136680 -0.4265377 0.5069811 0.7403482
0.000000 -0.4797972 -0.3688903 -0.4514598 0.1130351 -0.4308606 0.5131211 0.7336817
0.000000 -0.4803514 -0.3972420 -0.4686624 0.0901616 -0.4216908 0.5199566 0.7373553
0.000000 -0.4785433 -0.3981075 -0.4762414 0.0990548 -0.4367529 0.5264552 0.7226894
0.000000 -0.4766158 -0.3987447 -0.4820431 0.1057775 -0.4423195 0.5272595 0.7177479
0.000000 -0.4743594 -0.3986844 -0.4857382 0.1126373 -0.4477295 0.5288523 0.7121562
0.000000 -0.4715645 -0.3984978 -0.4913300 0.1219322 -0.4531628 0.5356730 0.7020190
0.000000 -0.4704490 -0.3985338 -0.4944338 0.1266459 -0.4627842 0.5390438 0.6922597
0.000000 -0.4701977 -0.3984790 -0.4958667 0.1264215 -0.4777320 0.5368512 0.6837987
0.000000 -0.4702080 -0.4007052 -0.4999706 0.1295747 -0.4884411 0.5380840 0.6746119
0.000000 -0.4786304 -0.4182150 -0.5196046 0.1262515 -0.4784803 0.5386104 0.6819208
0.000000 -0.4771065 -0.4194882 -0.5269485 0.1314465 -0.4899258 0.5417799 0.6702008
0.000000 -0.4739164 -0.4181215 -0.5347201 0.1383337 -0.5107023 0.5461214 0.6494601
0.000000 -0.4708977 -0.4171475 -0.5417848 0.1456082 -0.5319155 0.5466701 0.6300920
0.000000 -0.4690214 -0.4163851 -0.5457662 0.1487603 -0.5360646 0.5480783 0.6245921
0.000000 -0.4677070 -0.4166811 -0.5471453 0.1497144 -0.5409433 0.5482279 0.6200098
0.000000 -0.4699010 -0.4273579 -0.5553393 0.1460356 -0.5373017 0.5507485 0.6218172
0.000000 -0.4662876 -0.4334212 -0.5635607 0.1443501 -0.5410669 0.5515358 0.6182378
0.000000 -0.4594100 -0.4411641 -0.5777257 0.1443955 -0.5446032 0.5560217 0.6110623
0.000000 -0.4543124 -0.4471750 -0.5867611 0.1443078 -0.5464206 0.5589653 0.6067599
0.000000 -0.4510059 -0.4492351 -0.5907520 0.1439289 -0.5483056 0.5606796 0.6035594
0.000000 -0.4491255 -0.4518856 -0.5958012 0.1438434 -0.5481395 0.5625054 0.6020297
0.000000 -0.4476758 -0.4538963 -0.6000238 0.1435224 -0.5492092 0.5637153 0.5999963
0.000000 -0.4460341 -0.4569086 -0.6081926 0.1426340 -0.5516562 0.5682066 0.5936937
0.000000 -0.4443206 -0.4598182 -0.6167391 0.1407631 -0.5541329 0.5704863 0.5896336
0.000000 -0.4425756 -0.4616095 -0.6207144 0.1403714 -0.5552744 0.5713018 0.5878609
0.000000 -0.4364536 -0.4650632 -0.6275061 0.1408152 -0.5571179 0.5739783 0.5833864
0.000000 -0.4342027 -0.4670697 -0.6306223 0.1406549 -0.5578555 0.5755575 0.5811599
0.000000 -0.4308838 -0.4691229 -0.6366912 0.1406754 -0.5595463 0.5795529 0.5755318
0.000000 -0.4302852 -0.4706366 -0.6389590 0.1386500 -0.5609353 0.5808281 0.5733816
0.000000 -0.4297141 -0.4713027 -0.6421232 0.1381070 -0.5612797 0.5827371 0.5712347
0.000000 -0.4253216 -0.4740295 -0.6481059 0.1359403 -0.5642751 0.5871248 0.5642679
0.000000 -0.4236264 -0.4761562 -0.6531744 0.1355375 -0.5652917 0.5900189 0.5603147
0.000000 -0.4230524 -0.4762830 -0.6558653 0.1358586 -0.5664410 0.5916605 0.5573373
0.000000 -0.4222673 -0.4782331 -0.6617358 0.1348430 -0.5672200 0.5933397 0.5550016
0.000000 -0.4198335 -0.4800344 -0.6655351 0.1337127 -0.5695811 0.5943134 0.5518060
0.000000 -0.4166386 -0.4835332 -0.6722686 0.1337070 -0.5714975 0.5957729 0.5482406
0.000000 -0.4153008 -0.4836000 -0.6735272 0.1347490 -0.5733483 0.5964333 0.5453272
0.000000 -0.4119776 -0.4865664 -0.6773679 0.1340398 -0.5753073 0.5958558 0.5440687
0.000000 -0.4102719 -0.4891222 -0.6822925 0.1344557 -0.5759518 0.5964947 0.5425820
0.000000 -0.4078540 -0.4893720 -0.6843213 0.1347988 -0.5778542 0.5967369 0.5402026
0.000000 -0.4013289 -0.4937466 -0.6905181 0.1352687 -0.5798173 0.5990654 0.5353829
0.000000 -0.3961727 -0.4944491 -0.6927498 0.1358349 -0.5823420 0.6005824 0.5307801
