0.000000 0.0000000 0.0000000 0.0000000 -0.0000000 -0.0000000 -0.0000000 1.0000000
0.000000 -0.0004775 0.0007991 0.0000777 -0.0090247 -0.0042816 -0.0010952 0.9999495
0.000000 -0.0003031 -0.0004539 -0.0004938 -0.0098204 -0.0044458 0.0003543 0.9999418
0.000000 -0.0007203 -0.0031613 -0.0006556 -0.0071152 -0.0018334 -0.0119269 0.9999019
0.000000 -0.0030952 -0.0044020 -0.0009528 -0.0050077 -0.0031328 -0.0178719 0.9998229
0.000000 -0.0066317 -0.0062077 -0.0022216 -0.0016990 -0.0072546 -0.0213510 0.9997443
0.000000 -0.0091400 -0.0099023 -0.0051486 0.0140728 -0.0073769 -0.0211905 0.9996492
0.000000 -0.0106725 -0.0105307 -0.0069191 0.0190777 -0.0122921 -0.0194951 0.9995524
0.000000 -0.0124043 -0.0105409 -0.0081550 0.0137228 -0.0210483 -0.0088925 0.9996448
0.000000 -0.0156489 -0.0122962 -0.0122234 0.0151031 -0.0306065 0.0088737 0.9993780
0.000000 -0.0207935 -0.0142015 -0.0162552 0.0131754 -0.0435267 0.0222690 0.9987171
0.000000 -0.0227242 -0.0157550 -0.0196338 0.0117893 -0.0539549 0.0294671 0.9980389
0.000000 -0.0241013 -0.0164032 -0.0224771 0.0151137 -0.0598078 0.0310343 0.9976129
0.000000 -0.0275287 -0.0170540 -0.0253278 0.0115209 -0.0738726 0.0338814 0.9966254
0.000000 -0.0301687 -0.0175867 -0.0289286 0.0094059 -0.0844606 0.0385172 0.9956377
0.000000 -0.0297412 -0.0182696 -0.0308701 0.0076958 -0.0952351 0.0427539 0.9945065
0.000000 -0.0322185 -0.0182316 -0.0331877 0.0052708 -0.1026234 0.0443593 0.9937168
0.000000 -0.0365851 -0.0199646 -0.0398973 0.0068180 -0.1180099 0.0512034 0.9916680
0.000000 -0.0392574 -0.0218976 -0.0446585 0.0083273 -0.1295765 0.0536098 0.9900841
0.000000 -0.0423933 -0.0244534 -0.0488340 0.0086787 -0.1381523 0.0567136 0.9887478
0.000000 -0.0443873 -0.0260277 -0.0537909 0.0128963 -0.1492988 0.0612928 0.9868063
0.000000 -0.0450277 -0.0282941 -0.0578076 0.0153700 -0.1618254 0.0681736 0.9843418
0.000000 -0.0508261 -0.0307380 -0.0655261 0.0209245 -0.1767767 0.0745682 0.9811991
0.000000 -0.0529974 -0.0317794 -0.0690119 0.0236235 -0.1827689 0.0788455 0.9797045
0.000000 -0.0541469 -0.0327051 -0.0715273 0.0249536 -0.1887126 0.0843587 0.9780841
0.000000 -0.0561005 -0.0339157 -0.0759068 0.0264539 -0.1981888 0.0949304 0.9751972
0.000000 -0.0577032 -0.0339593 -0.0780706 0.0252267 -0.2054186 0.1010215 0.9731194
0.000000 -0.0575992 -0.0344942 -0.0786817 0.0241279 -0.2079203 0.1022217 0.9724905
0.000000 -0.0587433 -0.0364060 -0.0811885 0.0268323 -0.2140903 0.1065105 0.9706188
0.000000 -0.0587972 -0.0372372 -0.0818300 0.0302798 -0.2164805 0.1143263 0.9690969
0.000000 -0.0591933 -0.0367354 -0.0814826 0.0289381 -0.2175843 0.1172733 0.9685384
0.000000 -0.0596101 -0.0365138 -0.0821980 0.0278922 -0.2221795 0.1210935 0.9670546
0.000000 -0.0597499 -0.0374683 -0.0839980 0.0247225 -0.2326180 0.1305701 0.9634465
0.000000 -0.0599781 -0.0381160 -0.0857107 0.0257187 -0.2356146 0.1348623 0.9621000
0.000000 -0.0607729 -0.0401829 -0.0877565 0.0266649 -0.2423089 0.1433599 0.9591784
0.000000 -0.0619133 -0.0405510 -0.0899523 0.0288137 -0.2448554 0.1474413 0.9578500
0.000000 -0.0616466 -0.0408518 -0.0906964 0.0281059 -0.2510745 0.1506319 0.9557624
0.000000 -0.0620136 -0.0410750 -0.0919494 0.0269283 -0.2564337 0.1524639 0.9540814
0.000000 -0.0625599 -0.0409389 -0.0926762 0.0254621 -0.2613544 0.1541043 0.9525216
0.000000 -0.0634719 -0.0414039 -0.0958140 0.0231446 -0.2709889 0.1567668 0.9494491
0.000000 -0.0643349 -0.0414660 -0.0973516 0.0215095 -0.2757812 0.1571705 0.9480398
0.000000 -0.0655079 -0.0415608 -0.1007251 0.0172825 -0.2866229 0.1598705 0.9444522
0.000000 -0.0667028 -0.0422892 -0.1024956 0.0159895 -0.2909845 0.1621440 0.9427522
0.000000 -0.0672272 -0.0430908 -0.1064198 0.0143757 -0.3049023 0.1654381 0.9377943
0.000000 -0.0687561 -0.0433082 -0.1100283 0.0144816 -0.3085888 0.1671541 0.9362813
0.000000 -0.0687638 -0.0468135 -0.1169038 0.0096176 -0.3265313 0.1751342 0.9287695
0.000000 -0.0694526 -0.0486861 -0.1236969 0.0098814 -0.3392018 0.1838836 0.9225136
0.000000 -0.0705395 -0.0496987 -0.1279348 0.0108989 -0.3453481 0.1880472 0.9193771
0.000000 -0.0668874 -0.0592119 -0.1382616 0.0128929 -0.3637750 0.2082566 0.9078165
0.000000 -0.0647555 -0.0616434 -0.1462190 0.0209298 -0.3818662 0.2148087 0.8986643
0.000000 -0.0635790 -0.0642751 -0.1499215 0.0227288 -0.3904997 0.2179928 0.8941323
0.000000 -0.0623339 -0.0654425 -0.1528599 0.0258932 -0.4000577 0.2203510 0.8892294
0.000000 -0.0609797 -0.0667151 -0.1557765 0.0278319 -0.4089515 0.2234286 0.8843436
0.000000 -0.0609126 -0.0698986 -0.1648101 0.0327809 -0.4200053 0.2314271 0.8769051
0.000000 -0.0595895 -0.0713813 -0.1684057 0.0341855 -0.4265550 0.2361496 0.8724194
0.000000 -0.0592777 -0.0729733 -0.1719983 0.0358958 -0.4316202 0.2389522 0.8690900
0.000000 -0.0583541 -0.0748336 -0.1747963 0.0373326 -0.4366657 0.2453271 0.8647220
0.000000 -0.0572906 -0.0801223 -0.1873424 0.0450317 -0.4477140 0.2593302 0.8545597
0.000000 -0.0555912 -0.0836340 -0.1941418 0.0457366 -0.4592110 0.2699986 0.8450647
0.000000 -0.0549090 -0.0849804 -0.1974734 0.0472712 -0.4625739 0.2757477 0.8412812
0.000000 -0.0539364 -0.0863984 -0.2001873 0.0480701 -0.4670914 0.2809049 0.8370229
0.000000 -0.0538046 -0.0874454 -0.2033848 0.0493448 -0.4691392 0.2872770 0.8336339
0.000000 -0.0526834 -0.0896616 -0.2076366 0.0497553 -0.4720397 0.2918344 0.8303828
0.000000 -0.0509990 -0.0915858 -0.2124847 0.0484498 -0.4798540 0.3031472 0.8218848
0.000000 -0.0496814 -0.0931617 -0.2140936 0.0461565 -0.4849309 0.3086442 0.8169764
0.000000 -0.0481216 -0.0939542 -0.2155435 0.0438729 -0.4912223 0.3147272 0.8110010
0.000000 -0.0448041 -0.0972293 -0.2204406 0.0368635 -0.5057532 0.3259374 0.7978845
0.000000 -0.0424170 -0.0975508 -0.2224167 0.0359205 -0.5161101 0.3343226 0.7877617
0.000000 -0.0404123 -0.0993784 -0.2240766 0.0327966 -0.5245964 0.3425030 0.7787263
0.000000 -0.0367712 -0.0995449 -0.2256112 0.0326430 -0.5347541 0.3504559 0.7682143
0.000000 -0.0337235 -0.1012282 -0.2277309 0.0309664 -0.5409116 0.3585298 0.7602053
0.000000 -0.0308657 -0.1024194 -0.2289552 0.0289373 -0.5463846 0.3662091 0.7526734
0.000000 -0.0296791 -0.1028165 -0.2310059 0.0282905 -0.5499880 0.3731912 0.7466198
0.000000 -0.0294845 -0.1034486 -0.2315375 0.0269249 -0.5563778 0.3785509 0.7392009
0.000000 -0.0281938 -0.1031955 -0.2323864 0.0256525 -0.5621578 0.3836015 0.7322367
0.000000 -0.0290219 -0.1034558 -0.2342229 0.0239341 -0.5671910 0.3866566 0.7267862
0.000000 -0.0289786 -0.1029626 -0.2340367 0.0204360 -0.5727047 0.3908380 0.7203036
0.000000 -0.0282786 -0.1030153 -0.2336730 0.0157659 -0.5794814 0.3951553 0.7126045
0.000000 -0.0283289 -0.1027947 -0.2343396 0.0121797 -0.5842565 0.3988873 0.7066717
0.000000 -0.0283447 -0.1034366 -0.2338395 0.0057523 -0.5905345 0.4019496 0.6997660
0.000000 -0.0273096 -0.1049387 -0.2370686 0.0016311 -0.5979908 0.4082968 0.6897087
0.000000 -0.0250904 -0.1051865 -0.2379146 0.0037260 -0.6069536 0.4076981 0.6821846
0.000000 -0.0234312 -0.1058880 -0.2385313 0.0046030 -0.6120834 0.4112940 0.6754035
0.000000 -0.0215522 -0.1061786 -0.2397224 0.0052979 -0.6145422 0.4164280 0.6699982
0.000000 -0.0213501 -0.1064352 -0.2396010 0.0051442 -0.6195310 0.4188434 0.6638713
0.000000 -0.0201587 -0.1063858 -0.2400714 0.0061972 -0.6244645 0.4208585 0.6579391
0.000000 -0.0196918 -0.1069253 -0.2400658 0.0044498 -0.6273102 0.4249650 0.6525847
0.000000 -0.0172620 -0.1075855 -0.2428374 0.0056441 -0.6315218 0.4325588 0.6434604
0.000000 -0.0164916 -0.1087369 -0.2442746 0.0054379 -0.6325963 0.4364129 0.6397939
0.000000 -0.0160336 -0.1088821 -0.2440083 0.0063464 -0.6374937 0.4384092 0.6335289
0.000000 -0.0151687 -0.1093414 -0.2442697 0.0034320 -0.6421249 0.4438152 0.6250535
0.000000 -0.0136074 -0.1099022 -0.2444524 0.0007653 -0.6483667 0.4461536 0.6169010
0.000000 -0.0120130 -0.1105116 -0.2472447 -0.0007721 -0.6484640 0.4539989 0.6110473
0.000000 -0.0093581 -0.1110653 -0.2479110 -0.0045392 -0.6587489 0.4642512 0.5920305
0.000000 -0.0060629 -0.1125721 -0.2493068 -0.0054315 -0.6675836 0.4634094 0.5827129
0.000000 -0.0031054 -0.1138098 -0.2528504 -0.0050691 -0.6686308 0.4678657 0.5779350
0.000000 0.0009132 -0.1135193 -0.2551727 -0.0044119 -0.6766115 0.4757642 0.5619838
0.000000 0.0028455 -0.1129855 -0.2571706 -0.0029391 -0.6798501 0.4783255 0.5558776
0.000000 0.0044404 -0.1121022 -0.2574310 -0.0032873 -0.6877568 0.4814966 0.5432685
0.000000 0.0061784 -0.1129749 -0.2593399 -0.0048219 -0.6923894 0.4839983 0.5350882
0.000000 0.0071449 -0.1133355 -0.2594335 -0.0052253 -0.6957121 0.4847889 0.5300350
0.000000 0.0087565 -0.1144324 -0.2593778 -0.0051494 -0.6989458 0.4852072 0.5253782
0.000000 0.0102317 -0.1137937 -0.2610807 -0.0014103 -0.6994629 0.4883582 0.5217816
0.000000 0.0115472 -0.1151525 -0.2620098 -0.0002848 -0.7027598 0.4875726 0.5180749
0.000000 0.0140245 -0.1159810 -0.2620005 -0.0016031 -0.7062478 0.4895740 0.5113988
0.000000 0.0143572 -0.1160700 -0.2626097 -0.0027304 -0.7093846 0.4912470 0.5054131
0.000000 0.0160948 -0.1160987 -0.2628029 -0.0022565 -0.7138160 0.4921889 0.4982085
0.000000 0.0184190 -0.1162692 -0.2633575 -0.0022535 -0.7174061 0.4939830 0.4912272
0.000000 0.0201741 -0.1167025 -0.2612078 -0.0056526 -0.7217868 0.4961891 0.4824813
0.000000 0.0229500 -0.1167591 -0.2628004 -0.0051023 -0.7259545 0.5014648 0.4706347
0.000000 0.0246161 -0.1182284 -0.2635396 -0.0067660 -0.7290433 0.5028340 0.4643363
0.000000 0.0272207 -0.1209353 -0.2655724 -0.0095463 -0.7330104 0.5046374 0.4560106
0.000000 0.0298700 -0.1221203 -0.2656972 -0.0101373 -0.7373149 0.5052355 0.4483313
0.000000 0.0335888 -0.1231460 -0.2658333 -0.0101612 -0.7397040 0.5065614 0.4428660
0.000000 0.0360009 -0.1240213 -0.2648330 -0.0111435 -0.7427385 0.5100114 0.4337092
0.000000 0.0378506 -0.1246393 -0.2644666 -0.0110503 -0.7456591 0.5119479 0.4263563
0.000000 0.0423168 -0.1231591 -0.2649989 -0.0073519 -0.7475668 0.5156053 0.4186179
0.000000 0.0451729 -0.1249717 -0.2665650 -0.0086778 -0.7493431 0.5160391 0.4148655
0.000000 0.0469509 -0.1244105 -0.2680301 -0.0063663 -0.7503019 0.5186104 0.4099389
0.000000 0.0536189 -0.1229065 -0.2723388 -0.0028605 -0.7519333 0.5257379 0.3977282
0.000000 0.0484925 -0.1246182 -0.2664789 0.0032630 -0.7655376 0.5218892 0.3762622
0.000000 0.0521817 -0.1236404 -0.2705003 0.0071150 -0.7638071 0.5244395 0.3761799
0.000000 0.0537407 -0.1220153 -0.2714050 0.0088561 -0.7657673 0.5263555 0.3694212
0.000000 0.0553195 -0.1232549 -0.2714069 0.0088403 -0.7695339 0.5250276 0.3634355
0.000000 0.0556193 -0.1228590 -0.2728171 0.0136290 -0.7725276 0.5278904 0.3526289
0.000000 0.0567582 -0.1209050 -0.2729301 0.0209852 -0.7762175 0.5298327 0.3410624
0.000000 0.0582213 -0.1204735 -0.2721526 0.0260378 -0.7810550 0.5298521 0.3294419
0.000000 0.0606309 -0.1192389 -0.2726539 0.0293240 -0.7845528 0.5323586 0.3165619
0.000000 0.0600829 -0.1194215 -0.2713470 0.0333112 -0.7919461 0.5299243 0.3014828
0.000000 0.0598324 -0.1204091 -0.2724875 0.0336135 -0.7953980 0.5304580 0.2912501
0.000000 0.0634290 -0.1219190 -0.2727506 0.0300885 -0.8024474 0.5263680 0.2794809
0.000000 0.0643809 -0.1225196 -0.2722748 0.0353832 -0.8065657 0.5239000 0.2715300
0.000000 0.0659479 -0.1226233 -0.2730770 0.0291762 -0.8109149 0.5271989 0.2522441
0.000000 0.0687453 -0.1253443 -0.2749562 0.0284574 -0.8141481 0.5253807 0.2456179
0.000000 0.0721398 -0.1252759 -0.2760369 0.0262779 -0.8153566 0.5264058 0.2395836
0.000000 0.0766032 -0.1261156 -0.2763158 0.0230058 -0.8194509 0.5271305 0.2238402
0.000000 0.0786710 -0.1262713 -0.2773590 0.0207468 -0.8201192 0.5284939 0.2183310
0.000000 0.0791123 -0.1264104 -0.2775718 0.0183677 -0.8218396 0.5284424 0.2121107
0.000000 0.0793832 -0.1251492 -0.2799001 0.0136215 -0.8225714 0.5294962 0.2069409
0.000000 0.0788202 -0.1268216 -0.2855622 0.0075278 -0.8279553 0.5231613 0.2018308
0.000000 0.0794035 -0.1291673 -0.2843018 0.0005889 -0.8343777 0.5207336 0.1806928
0.000000 0.0828747 -0.1298006 -0.2838784 0.0005524 -0.8362516 0.5229105 0.1650686
0.000000 0.0885688 -0.1315299 -0.2821847 0.0035221 -0.8351566 0.5276843 0.1550821
0.000000 0.0885441 -0.1309247 -0.2809854 0.0030656 -0.8324710 0.5343888 0.1463255
0.000000 0.0837929 -0.1310185 -0.2895831 -0.0046076 -0.8335924 0.5308769 0.1525522
0.000000 0.0785967 -0.1323998 -0.2986602 -0.0004054 -0.8384113 0.5219683 0.1568933
0.000000 0.0783488 -0.1341208 -0.3037248 0.0025121 -0.8461792 0.5103456 0.1533680
0.000000 0.0823697 -0.1328970 -0.3027548 0.0041064 -0.8476082 0.5112296 0.1420838
0.000000 0.0865007 -0.1306978 -0.3006033 0.0061949 -0.8474516 0.5169291 0.1207135
0.000000 0.1172244 -0.1237931 -0.2990545 0.0064605 -0.8411251 0.5285189 0.1146065
0.000000 0.1551231 -0.1233273 -0.3003569 0.0003290 -0.8352287 0.5393026 0.1074499
0.000000 0.1651109 -0.1184838 -0.2971645 -0.0015889 -0.8348095 0.5469124 0.0630674
0.000000 0.1750822 -0.1141690 -0.2985834 -0.0077879 -0.8339887 0.5509425 0.0294048
0.000000 0.1566175 -0.1236083 -0.3007662 -0.0075076 -0.8273515 0.5586407 0.0579113
0.000000 0.1513235 -0.1258395 -0.3040885 0.0048449 -0.8231911 0.5598525 0.0943297
0.000000 0.1549301 -0.1272260 -0.3119901 0.0029568 -0.8291991 0.5545884 0.0696540
0.000000 0.1581224 -0.1274761 -0.3188681 -0.0214321 -0.8270292 0.5615265 0.0158610
0.000000 0.1640055 -0.1246735 -0.3150492 0.0234709 0.8237034 -0.5664113 0.0118406
0.000000 0.1646376 -0.1238755 -0.3144147 0.0251492 0.8207886 -0.5700968 0.0257554
0.000000 0.1643631 -0.1238256 -0.3153164 0.0272436 0.8240673 -0.5647018 0.0358154
0.000000 0.1642244 -0.1247885 -0.3169034 0.0296722 0.8296438 -0.5559159 0.0420509
0.000000 0.1651955 -0.1237174 -0.3167523 0.0277389 0.8333606 -0.5494670 0.0531669
0.000000 0.1669647 -0.1214156 -0.3123399 0.0234805 0.8296107 -0.5541916 0.0637687
0.000000 0.1678468 -0.1204231 -0.3108408 0.0212134 0.8282859 -0.5555496 0.0696943
0.000000 0.1687160 -0.1197580 -0.3096042 0.0208932 0.8271112 -0.5564930 0.0759338
0.000000 0.1690568 -0.1193703 -0.3088109 0.0222156 0.8266081 -0.5559902 0.0842640
0.000000 0.1695420 -0.1188014 -0.3081447 0.0226799 0.8268549 -0.5541609 0.0932860
0.000000 0.1700314 -0.1180207 -0.3070658 0.0221254 0.8260219 -0.5541089 0.1008053
0.000000 0.1706212 -0.1175114 -0.3061034 0.0216836 0.8252280 -0.5545115 0.1050974
0.000000 0.1711028 -0.1164675 -0.3042834 0.0219954 0.8243486 -0.5541480 0.1135144
0.000000 0.1713158 -0.1160554 -0.3034576 0.0218172 0.8236750 -0.5545317 0.1165252
0.000000 0.1721245 -0.1146081 -0.3014676 0.0227663 0.8216817 -0.5561790 0.1224165
0.000000 0.1723679 -0.1138932 -0.3002857 0.0234234 0.8201966 -0.5572506 0.1272822
0.000000 0.1724287 -0.1137322 -0.3005887 0.0209876 0.8205386 -0.5554706 0.1331481
0.000000 0.1727870 -0.1136978 -0.3007249 0.0192796 0.8221725 -0.5516965 0.1388941
0.000000 0.1727351 -0.1134092 -0.3011049 0.0169296 0.8227976 -0.5495253 0.1440120
0.000000 0.1723791 -0.1129777 -0.2997897 0.0088429 0.8258027 -0.5404948 0.1607389
0.000000 0.1734153 -0.1108857 -0.2974959 0.0057111 0.8265063 -0.5360750 0.1716928
0.000000 0.1745426 -0.1075263 -0.2930016 -0.0001939 0.8249606 -0.5328516 0.1884386
0.000000 0.1761869 -0.1043025 -0.2895532 -0.0021242 0.8236944 -0.5314031 0.1978224
0.000000 0.1791108 -0.1005170 -0.2861114 -0.0018320 0.8217670 -0.5304005 0.2082569
0.000000 0.1817428 -0.0963881 -0.2819378 -0.0006572 0.8191710 -0.5298663 0.2195459
0.000000 0.1840023 -0.0931121 -0.2785939 -0.0003558 0.8171172 -0.5297123 0.2274298
0.000000 0.1857569 -0.0907312 -0.2752693 0.0014672 0.8152484 -0.5296371 0.2342059
0.000000 0.1896217 -0.0867028 -0.2708988 0.0020445 0.8130937 -0.5293750 0.2421502
0.000000 0.1895445 -0.0857078 -0.2687598 0.0009958 0.8113024 -0.5297296 0.2473338
0.000000 0.1907810 -0.0835256 -0.2655690 0.0022503 0.8082225 -0.5321610 0.2521430
0.000000 0.1923043 -0.0809631 -0.2622519 0.0008652 0.8062357 -0.5315394 0.2597098
0.000000 0.1958788 -0.0773042 -0.2577014 0.0002855 0.8031923 -0.5331401 0.2657888
0.000000 0.1963652 -0.0756962 -0.2557353 -0.0001711 0.8023601 -0.5304376 0.2735954
0.000000 0.1969279 -0.0726968 -0.2527848 0.0007252 0.8001910 -0.5289668 0.2826444
0.000000 0.1974548 -0.0708347 -0.2499138 0.0015602 0.7991596 -0.5269446 0.2892593
0.000000 0.1974928 -0.0693974 -0.2480123 0.0032409 0.7977786 -0.5249851 0.2965290
0.000000 0.1981781 -0.0680643 -0.2466360 0.0043105 0.7970399 -0.5241896 0.2998902
0.000000 0.1986233 -0.0663803 -0.2415832 0.0072047 0.7960618 -0.5206837 0.3084190
0.000000 0.1990291 -0.0634468 -0.2382581 0.0051311 0.7941170 -0.5186530 0.3167823
0.000000 0.2006648 -0.0624588 -0.2368957 0.0039697 0.7941234 -0.5174111 0.3188071
0.000000 0.1991599 -0.0616814 -0.2357285 0.0001509 0.7941346 -0.5140652 0.3241717
0.000000 0.2019169 -0.0606518 -0.2358473 -0.0019502 0.7950991 -0.5109839 0.3266635
0.000000 0.2027568 -0.0588270 -0.2344742 -0.0020207 0.7941434 -0.5111891 0.3286607
0.000000 0.2040255 -0.0586648 -0.2328083 -0.0021010 0.7943725 -0.5109522 0.3284749
0.000000 0.2079089 -0.0549234 -0.2316237 0.0003633 0.7918576 -0.5139482 0.3298767
0.000000 0.2081977 -0.0542217 -0.2305037 -0.0010456 0.7920476 -0.5119683 0.3324877
0.000000 0.2086062 -0.0530732 -0.2289948 -0.0014714 0.7917178 -0.5106478 0.3352906
0.000000 0.2204749 -0.0486087 -0.2219181 -0.0024085 0.7912290 -0.5108471 0.3361342
0.000000 0.2255126 -0.0461420 -0.2176675 -0.0020334 0.7899281 -0.5112594 0.3385607
0.000000 0.2279799 -0.0436740 -0.2140505 -0.0025261 0.7890618 -0.5106619 0.3414668
0.000000 0.2306564 -0.0414149 -0.2107316 -0.0016772 0.7880265 -0.5103499 0.3443173
0.000000 0.2323651 -0.0407456 -0.2091074 -0.0011423 0.7880942 -0.5094652 0.3454728
0.000000 0.2357774 -0.0378015 -0.2071357 -0.0007173 0.7867880 -0.5099658 0.3477054
0.000000 0.2452488 -0.0338728 -0.2016730 0.0001788 0.7870625 -0.5076259 0.3504974
0.000000 0.2630260 -0.0277677 -0.1892121 -0.0015428 0.7871802 -0.5004660 0.3603869
0.000000 0.2646919 -0.0258672 -0.1866942 -0.0042275 0.7855846 -0.4978528 0.3673984
0.000000 0.2651908 -0.0253758 -0.1862590 -0.0050571 0.7857326 -0.4964530 0.3689625
0.000000 0.2680201 -0.0234868 -0.1844018 -0.0055973 0.7861170 -0.4931309 0.3725730
0.000000 0.2707778 -0.0213665 -0.1818198 -0.0061236 0.7852570 -0.4938552 0.3734178
0.000000 0.2712569 -0.0202797 -0.1803081 -0.0066069 0.7846934 -0.4934008 0.3751912
0.000000 0.2735253 -0.0175119 -0.1768352 -0.0081708 0.7847432 -0.4893302 0.3803515
0.000000 0.2734268 -0.0154677 -0.1752869 -0.0100561 0.7837531 -0.4867299 0.3856475
0.000000 0.2756134 -0.0136160 -0.1739548 -0.0102759 0.7836327 -0.4874775 0.3849414
0.000000 0.2766035 -0.0125531 -0.1725006 -0.0108975 0.7832896 -0.4870434 0.3861704
0.000000 0.2767707 -0.0108475 -0.1715722 -0.0111289 0.7819952 -0.4875756 0.3881105
0.000000 0.2791575 -0.0089213 -0.1699643 -0.0122771 0.7816811 -0.4874124 0.3889127
0.000000 0.2800610 -0.0081762 -0.1691012 -0.0128747 0.7816827 -0.4868663 0.3895737
0.000000 0.2811853 -0.0075822 -0.1680166 -0.0137008 0.7817363 -0.4865193 0.3898714
0.000000 0.2778552 -0.0058227 -0.1603360 -0.0148946 0.7808304 -0.4781783 0.4017804
0.000000 0.2786422 -0.0041268 -0.1565416 -0.0147911 0.7802743 -0.4752286 0.4063385
0.000000 0.2788416 -0.0034755 -0.1552278 -0.0149329 0.7796212 -0.4742738 0.4086956
0.000000 0.2804034 -0.0025568 -0.1532353 -0.0144480 0.7798962 -0.4736787 0.4088785
0.000000 0.2819625 -0.0005808 -0.1503774 -0.0150493 0.7791518 -0.4723713 0.4117784
0.000000 0.2825764 0.0003788 -0.1486543 -0.0152539 0.7786657 -0.4717970 0.4133457
0.000000 0.2841412 0.0009479 -0.1440379 -0.0144281 0.7789121 -0.4691391 0.4159283
0.000000 0.2840655 0.0014620 -0.1421407 -0.0134630 0.7783746 -0.4680825 0.4181513
0.000000 0.2846376 0.0024963 -0.1409498 -0.0124373 0.7774694 -0.4680918 0.4198532
0.000000 0.2857758 0.0031781 -0.1395559 -0.0115670 0.7776515 -0.4668971 0.4208698
0.000000 0.2874097 0.0049160 -0.1375886 -0.0105445 0.7774611 -0.4645362 0.4238507
0.000000 0.2898580 0.0076613 -0.1348048 -0.0098305 0.7776164 -0.4628446 0.4254303
0.000000 0.2918030 0.0092190 -0.1331359 -0.0093842 0.7775875 -0.4626172 0.4257405
0.000000 0.2952062 0.0130418 -0.1272782 -0.0091161 0.7770287 -0.4623578 0.4270464
0.000000 0.2966136 0.0135764 -0.1247142 -0.0093959 0.7775090 -0.4616690 0.4269114
0.000000 0.2970414 0.0150741 -0.1224362 -0.0094080 0.7766550 -0.4620180 0.4280864
0.000000 0.2979444 0.0158883 -0.1201236 -0.0094126 0.7765578 -0.4614312 0.4288946
0.000000 0.2999955 0.0179082 -0.1153226 -0.0083508 0.7761725 -0.4604381 0.4306777
0.000000 0.3028996 0.0190196 -0.1126631 -0.0084806 0.7769668 -0.4604191 0.4292609
0.000000 0.3045063 0.0215117 -0.1088339 -0.0066125 0.7761570 -0.4585101 0.4327877
0.000000 0.3053930 0.0234634 -0.1074148 -0.0066933 0.7753828 -0.4588963 0.4337636
0.000000 0.3082934 0.0262940 -0.1030480 -0.0067180 0.7755442 -0.4574324 0.4350192
