0.000000 0.0000000 0.0000000 0.0000000 -0.0000000 -0.0000000 -0.0000000 1.0000000
0.000000 -0.0011159 0.0005771 -0.0008312 -0.0071413 -0.0037475 0.0002604 0.9999675
0.000000 0.0002143 -0.0011803 -0.0005692 -0.0106981 -0.0054124 0.0014544 0.9999271
0.000000 -0.0020814 -0.0030931 0.0000699 -0.0041087 0.0018960 -0.0098524 0.9999412
0.000000 -0.0027173 -0.0037072 -0.0006388 -0.0024485 -0.0023474 -0.0166320 0.9998559
0.000000 -0.0076790 -0.0067779 -0.0047245 0.0006734 -0.0089295 -0.0208418 0.9997427
0.000000 -0.0122643 -0.0095672 -0.0097415 0.0228519 -0.0086279 -0.0201264 0.9994990
0.000000 -0.0142908 -0.0105360 -0.0119687 0.0277332 -0.0139319 -0.0178772 0.9993584
0.000000 -0.0172223 -0.0111963 -0.0137393 0.0218951 -0.0224334 -0.0050904 0.9994956
0.000000 -0.0214345 -0.0123126 -0.0191659 0.0253209 -0.0320480 0.0117540 0.9990964
0.000000 -0.0265968 -0.0151460 -0.0270446 0.0234805 -0.0509374 0.0279955 0.9980332
0.000000 -0.0308961 -0.0163440 -0.0309137 0.0223580 -0.0591784 0.0318083 0.9974900
0.000000 -0.0333916 -0.0168239 -0.0343229 0.0268065 -0.0639304 0.0331440 0.9970436
0.000000 -0.0341837 -0.0174743 -0.0353655 0.0270869 -0.0684025 0.0319004 0.9967797
0.000000 -0.0358174 -0.0183505 -0.0363657 0.0210467 -0.0782729 0.0368120 0.9960298
0.000000 -0.0382412 -0.0196222 -0.0393133 0.0174029 -0.0879819 0.0413023 0.9951133
0.000000 -0.0377309 -0.0210723 -0.0418261 0.0151282 -0.0978745 0.0448598 0.9940721
0.000000 -0.0400827 -0.0206849 -0.0433187 0.0133703 -0.1050020 0.0487910 0.9931844
0.000000 -0.0431463 -0.0225973 -0.0516053 0.0147939 -0.1238586 0.0559574 0.9906104
0.000000 -0.0469213 -0.0225980 -0.0565061 0.0185353 -0.1348688 0.0553143 0.9891447
0.000000 -0.0497795 -0.0234655 -0.0616183 0.0229695 -0.1444128 0.0583068 0.9875311
0.000000 -0.0518850 -0.0250014 -0.0661134 0.0261576 -0.1551818 0.0614792 0.9856240
0.000000 -0.0563436 -0.0264005 -0.0721901 0.0310402 -0.1630295 0.0657462 0.9839387
0.000000 -0.0587106 -0.0288602 -0.0819839 0.0381946 -0.1828318 0.0736352 0.9796385
0.000000 -0.0617426 -0.0303726 -0.0856612 0.0397445 -0.1884656 0.0762618 0.9783073
0.000000 -0.0628798 -0.0304325 -0.0896815 0.0436997 -0.1944771 0.0817656 0.9765159
0.000000 -0.0663868 -0.0322943 -0.0954569 0.0451315 -0.2030694 0.0923102 0.9737581
0.000000 -0.0692654 -0.0318560 -0.0987515 0.0450763 -0.2087125 0.0977182 0.9720383
0.000000 -0.0711736 -0.0347368 -0.1033495 0.0472107 -0.2170710 0.1023939 0.9696220
0.000000 -0.0704063 -0.0356808 -0.1048934 0.0515892 -0.2203513 0.1100034 0.9678239
0.000000 -0.0713878 -0.0350685 -0.1051204 0.0485511 -0.2256201 0.1174609 0.9658889
0.000000 -0.0794393 -0.0365234 -0.1066735 0.0440611 -0.2272364 0.1218999 0.9651750
0.000000 -0.0801388 -0.0383840 -0.1081911 0.0430797 -0.2303140 0.1253379 0.9640488
0.000000 -0.0835518 -0.0415375 -0.1124830 0.0447099 -0.2342019 0.1319163 0.9621583
0.000000 -0.0917521 -0.0414141 -0.1177325 0.0484139 -0.2340641 0.1350967 0.9615711
0.000000 -0.0916361 -0.0420868 -0.1195476 0.0468320 -0.2405818 0.1369525 0.9597766
0.000000 -0.0927757 -0.0421278 -0.1200739 0.0449076 -0.2445825 0.1391129 0.9585460
0.000000 -0.0937488 -0.0427164 -0.1224585 0.0419145 -0.2538668 0.1417966 0.9558706
0.000000 -0.1008878 -0.0403485 -0.1249287 0.0431820 -0.2521742 0.1393609 0.9566201
0.000000 -0.1072384 -0.0399212 -0.1295412 0.0403257 -0.2572457 0.1394412 0.9553819
0.000000 -0.1072818 -0.0407626 -0.1332847 0.0397303 -0.2645968 0.1404491 0.9532493
0.000000 -0.1174485 -0.0398684 -0.1399662 0.0420935 -0.2670612 0.1407653 0.9524136
0.000000 -0.1201972 -0.0396959 -0.1418024 0.0398522 -0.2711925 0.1406580 0.9513578
0.000000 -0.1218733 -0.0434483 -0.1496537 0.0357319 -0.2871770 0.1484996 0.9456217
0.000000 -0.1258521 -0.0444525 -0.1570313 0.0358035 -0.2994298 0.1550903 0.9407481
0.000000 -0.1302971 -0.0459073 -0.1622456 0.0366392 -0.3026469 0.1578399 0.9392279
0.000000 -0.1435312 -0.0522872 -0.1772801 0.0453588 -0.3068354 0.1659957 0.9360770
0.000000 -0.1503701 -0.0604346 -0.1856695 0.0458502 -0.3156635 0.1669665 0.9329397
0.000000 -0.1517388 -0.0664073 -0.1897695 0.0433563 -0.3230967 0.1692569 0.9300972
0.000000 -0.1479327 -0.0669419 -0.1964812 0.0496828 -0.3339184 0.1732898 0.9252031
0.000000 -0.1526670 -0.0702354 -0.2009064 0.0505012 -0.3356837 0.1751986 0.9241599
0.000000 -0.1534246 -0.0729972 -0.2113144 0.0553999 -0.3480735 0.1800120 0.9183525
0.000000 -0.1532755 -0.0746523 -0.2176230 0.0580468 -0.3554981 0.1841368 0.9145192
0.000000 -0.1543741 -0.0766859 -0.2207390 0.0586398 -0.3610095 0.1875363 0.9116269
0.000000 -0.1532348 -0.0782068 -0.2244516 0.0611605 -0.3683239 0.1914796 0.9077073
0.000000 -0.1588382 -0.0853314 -0.2390512 0.0673934 -0.3760933 0.2015022 0.9018919
0.000000 -0.1654556 -0.0891195 -0.2507506 0.0704788 -0.3820060 0.2091294 0.8974236
0.000000 -0.1668499 -0.0906511 -0.2562446 0.0726330 -0.3850719 0.2145981 0.8946462
0.000000 -0.1672799 -0.0928339 -0.2608129 0.0745975 -0.3881539 0.2190553 0.8920687
0.000000 -0.1662827 -0.0948977 -0.2652698 0.0749311 -0.3930530 0.2249278 0.8884268
0.000000 -0.1656021 -0.0969828 -0.2686359 0.0749473 -0.3986230 0.2295807 0.8847459
0.000000 -0.1716054 -0.1003169 -0.2766502 0.0747880 -0.4007527 0.2376302 0.8816665
0.000000 -0.1725436 -0.1018940 -0.2815636 0.0743148 -0.4044264 0.2430139 0.8785561
0.000000 -0.1746901 -0.1024036 -0.2879994 0.0763753 -0.4068286 0.2463587 0.8763360
0.000000 -0.1841845 -0.1077884 -0.3022308 0.0713177 -0.4116339 0.2521833 0.8728545
0.000000 -0.1897870 -0.1104775 -0.3123410 0.0730609 -0.4122468 0.2553025 0.8715132
0.000000 -0.1962178 -0.1128932 -0.3203714 0.0739327 -0.4129167 0.2576537 0.8704299
0.000000 -0.1938727 -0.1148832 -0.3274594 0.0751439 -0.4189915 0.2659182 0.8649203
0.000000 -0.1926231 -0.1164507 -0.3321607 0.0754608 -0.4253374 0.2722851 0.8597992
0.000000 -0.1963731 -0.1211948 -0.3370718 0.0725549 -0.4255202 0.2768122 0.8585123
0.000000 -0.1954132 -0.1221279 -0.3398650 0.0718339 -0.4309974 0.2831384 0.8537645
0.000000 -0.1978878 -0.1224345 -0.3436315 0.0732175 -0.4340287 0.2881353 0.8504331
0.000000 -0.1965548 -0.1231002 -0.3456809 0.0714251 -0.4395361 0.2941855 0.8456722
0.000000 -0.2028493 -0.1229772 -0.3510314 0.0706222 -0.4373737 0.2994481 0.8450134
0.000000 -0.2033045 -0.1228649 -0.3528600 0.0687116 -0.4421248 0.3020542 0.8417647
0.000000 -0.2028810 -0.1226307 -0.3541140 0.0649991 -0.4480103 0.3086333 0.8365449
0.000000 -0.2072386 -0.1247234 -0.3568273 0.0598053 -0.4487305 0.3109894 0.8356733
0.000000 -0.2065758 -0.1245832 -0.3578717 0.0569202 -0.4561284 0.3131738 0.8310410
0.000000 -0.2062019 -0.1251992 -0.3645732 0.0554972 -0.4659204 0.3220173 0.8222793
0.000000 -0.2034408 -0.1254000 -0.3677194 0.0578867 -0.4745381 0.3225054 0.8169779
0.000000 -0.2032019 -0.1268443 -0.3720291 0.0603889 -0.4774760 0.3249520 0.8141106
0.000000 -0.2059819 -0.1290886 -0.3792129 0.0630470 -0.4739806 0.3286432 0.8144698
0.000000 -0.2063431 -0.1284442 -0.3837081 0.0669932 -0.4737834 0.3343978 0.8119232
0.000000 -0.2044452 -0.1296617 -0.3820383 0.0641825 -0.4845129 0.3349637 0.8055602
0.000000 -0.2029487 -0.1296495 -0.3831421 0.0646342 -0.4904143 0.3382929 0.8005462
0.000000 -0.2011633 -0.1309502 -0.3878567 0.0667433 -0.4959254 0.3455893 0.7938334
0.000000 -0.1986907 -0.1314168 -0.3902922 0.0678541 -0.5026784 0.3493828 0.7878083
0.000000 -0.1983055 -0.1327860 -0.3925846 0.0678193 -0.5046930 0.3557890 0.7836451
0.000000 -0.1972345 -0.1321254 -0.3953407 0.0686283 -0.5113938 0.3587653 0.7778522
0.000000 -0.1961761 -0.1324241 -0.3968117 0.0673773 -0.5169633 0.3642264 0.7717179
0.000000 -0.1942978 -0.1316161 -0.4004182 0.0686276 -0.5241209 0.3677042 0.7651020
0.000000 -0.1915934 -0.1329753 -0.4058976 0.0674440 -0.5340923 0.3803856 0.7519997
0.000000 -0.1842110 -0.1358285 -0.4119985 0.0655598 -0.5476488 0.3798258 0.7426406
0.000000 -0.1785697 -0.1388416 -0.4192650 0.0650265 -0.5578367 0.3782864 0.7358595
0.000000 -0.1762794 -0.1398823 -0.4219342 0.0626376 -0.5696704 0.3870253 0.7223321
